0 0 1 2 0 0 0 4
0 0 0 0 6 0
1 0 1 0 7 0
2 0 0 0 8 5
3 0 1 0 17 0
1 0 1 2 0 0 0 5
0 0 0 0 6 15
1 0 1 0 7 15
2 0 0 0 8 20
3 0 1 0 17 15
4 0 0 0 19 0
2 0 1 2 0 0 0 5
0 0 0 0 6 30
1 0 1 0 7 30
2 0 0 0 16 35
3 0 1 0 17 35
4 0 0 0 19 15
3 5 17 4 0 0 1 4
0 0 1 0 6 0
1 0 0 0 7 0
2 0 1 0 8 0
3 0 0 0 17 0
4 5 17 4 0 0 1 5
0 0 1 0 6 15
1 0 0 0 7 15
2 0 1 0 8 40
3 0 0 0 17 15
4 0 1 0 19 0
5 5 17 4 0 0 1 4
0 0 1 0 6 30
1 0 0 0 7 30
2 0 1 0 8 30
3 0 0 0 17 30
6 10 32 9 0 1 0 4
0 1 0 0 6 0 
1 1 1 0 7 55
2 1 0 0 17 0
3 1 1 0 19 0
7 10 32 9 0 1 0 4
0 1 0 0 6 10
1 1 1 0 8 5
2 1 0 0 17 10
3 1 1 0 19 5
8 10 32 9 0 1 0 4
0 1 0 0 6 20
1 1 1 0 8 15
2 1 0 0 16 55
3 1 1 0 18 55
9 1 8 26 0 1 1 4
0 1 1 0 6 0
1 1 0 0 7 55
2 1 1 0 17 0
3 1 0 0 19 0
10 1 8 26 0 1 1 4
0 1 1 0 6 10
1 1 0 0 8 5
2 1 1 0 17 10
3 1 0 0 19 5
11 1 8 26 0 1 1 4
0 1 1 0 6 20
1 1 0 0 8 15
2 1 1 0 16 55
3 1 0 0 18 55
12 18 39 7 0 2 0 5
0 2 0 0 6 0
1 2 1 0 7 30
2 2 0 0 9 0
3 2 1 0 17 0
4 2 0 0 19 0
13 18 39 7 0 2 0 4
0 2 0 0 6 15
1 2 1 0 7 45
2 2 0 0 17 0
3 2 1 0 19 0
14 18 39 7 0 2 0 5
0 2 0 0 6 30
1 2 1 0 8 0
2 2 0 0 9 30 
3 2 1 0 17 15
4 2 0 0 19 15
15 11 5 37 0 2 1 4
0 2 1 0 6 0
1 2 0 0 7 30
2 2 1 0 16 50
3 2 0 0 18 50 
16 11 5 37 0 2 1 5
0 2 1 0 6 15
1 2 0 0 7 45
2 2 1 0 9 15
3 2 0 0 17 5
4 2 1 0 19 5
17 11 5 37 0 2 1 4
0 2 1 0 6 30
1 2 0 0 8 0
2 2 1 0 17 30
3 2 0 0 19 30