Les personnes: 
310 0 9 5 0 0 1 0 3
0 0 8 0 0 8 0 1 0 9
1 0 17 0 0 2 0 2 9 5
2 0 19 0 0 1 0 0 5 0
17 0 18 17 0 0 1 0 3
0 0 6 0 0 8 0 1 0 18
1 0 17 0 0 2 0 2 18 17
2 0 19 0 0 1 0 0 17 0
117 0 14 17 0 0 1 0 3
0 0 8 0 0 8 0 1 0 14
1 0 17 0 0 2 0 2 14 17
2 0 19 0 0 1 0 0 17 0
297 0 17 4 0 0 1 0 3
0 0 7 0 0 8 0 1 0 17
1 0 17 0 0 2 0 2 17 4
2 0 19 0 0 1 0 0 4 0
134 0 19 17 0 0 1 0 3
0 0 8 0 0 8 0 1 0 19
1 0 17 0 0 2 0 2 19 17
2 0 19 0 0 1 0 0 17 0
272 0 17 4 0 0 1 0 3
0 0 8 0 0 8 0 1 0 17
1 0 17 0 0 2 0 2 17 4
2 0 19 0 0 1 0 0 4 0
831 1 10 8 0 1 0 1 3
0 0 6 0 0 8 0 1 1 10
1 0 17 0 0 2 0 2 10 8
2 0 19 0 0 1 0 0 8 1
256 1 6 7 0 1 0 1 3
0 0 7 0 0 8 0 1 1 6
1 0 17 0 0 2 0 2 6 7
2 0 19 0 0 1 0 0 7 1
78 1 2 6 0 1 0 1 3
0 0 6 0 0 8 0 1 1 2
1 0 17 0 0 2 0 2 2 6
2 0 19 0 0 1 0 0 6 1
404 1 12 2 0 1 0 1 3
0 0 6 0 0 8 0 1 1 12
1 0 17 0 0 2 0 2 12 2
2 0 19 0 0 1 0 0 2 1
835 1 8 10 0 1 0 1 3
0 0 8 0 0 8 0 1 1 8
1 0 17 0 0 2 0 2 8 10
2 0 19 0 0 1 0 0 10 1
950 1 17 9 0 1 0 1 3
0 0 6 0 0 8 0 1 1 17
1 0 17 0 0 2 0 2 17 9
2 0 19 0 0 1 0 0 9 1
142 1 15 8 0 1 0 1 3
0 0 7 0 0 8 0 1 1 15
1 0 17 0 0 2 0 2 15 8
2 0 19 0 0 1 0 0 8 1
388 1 4 6 0 1 0 1 3
0 0 8 0 0 8 0 1 1 4
1 0 17 0 0 2 0 2 4 6
2 0 19 0 0 1 0 0 6 1
891 1 8 2 0 1 0 1 3
0 0 7 0 0 8 0 1 1 8
1 0 17 0 0 2 0 2 8 2
2 0 19 0 0 1 0 0 2 1
337 1 2 8 0 1 0 1 3
0 0 7 0 0 8 0 1 1 2
1 0 17 0 0 2 0 2 2 8
2 0 19 0 0 1 0 0 8 1
660 1 10 2 0 1 0 1 3
0 0 6 0 0 8 0 1 1 10
1 0 17 0 0 2 0 2 10 2
2 0 19 0 0 1 0 0 2 1
181 18 5 15 1 0 0 9 3
0 0 6 0 0 8 0 1 18 5
1 0 17 0 0 2 0 2 5 15
2 0 19 0 0 1 0 0 15 18
373 16 5 17 1 0 0 9 3
0 0 6 0 0 8 0 1 16 5
1 0 17 0 0 2 0 2 5 17
2 0 19 0 0 1 0 0 17 16
212 12 4 0 1 0 0 9 3
0 0 6 0 0 8 0 1 12 4
1 0 17 0 0 2 0 2 4 0
2 0 19 0 0 1 0 0 0 12
998 12 0 5 1 0 1 9 3
0 0 6 0 0 8 0 1 12 0
1 0 17 0 0 2 0 2 0 5
2 0 19 0 0 1 0 0 5 12
154 18 5 17 1 0 0 9 3
0 0 7 0 0 8 0 1 18 5
1 0 17 0 0 2 0 2 5 17
2 0 19 0 0 1 0 0 17 18
228 18 15 5 1 0 1 9 3
0 0 7 0 0 8 0 1 18 15
1 0 17 0 0 2 0 2 15 5
2 0 19 0 0 1 0 0 5 18
889 18 9 17 1 0 0 9 3
0 0 7 0 0 8 0 1 18 9
1 0 17 0 0 2 0 2 9 17
2 0 19 0 0 1 0 0 17 18
863 16 4 17 1 0 0 9 3
0 0 7 0 0 8 0 1 16 4
1 0 17 0 0 2 0 2 4 17
2 0 19 0 0 1 0 0 17 16
345 14 4 15 1 0 0 9 3
0 0 8 0 0 8 0 1 14 4
1 0 17 0 0 2 0 2 4 15
2 0 19 0 0 1 0 0 15 14
671 14 17 4 1 0 0 9 3
0 0 8 0 0 8 0 1 14 17
1 0 17 0 0 2 0 2 17 4
2 0 19 0 0 1 0 0 4 14
581 11 15 4 1 0 0 9 3
0 0 7 0 0 8 0 1 11 15
1 0 17 0 0 2 0 2 15 4
2 0 19 0 0 1 0 0 4 11
295 12 0 4 1 0 0 9 3
0 0 7 0 0 8 0 1 12 0
1 0 17 0 0 2 0 2 0 4
2 0 19 0 0 1 0 0 4 12
244 18 5 0 1 0 0 9 3
0 0 8 0 0 8 0 1 18 5
1 0 17 0 0 2 0 2 5 0
2 0 19 0 0 1 0 0 0 18
327 16 15 5 1 0 1 9 3
0 0 8 0 0 8 0 1 16 15
1 0 17 0 0 2 0 2 15 5
2 0 19 0 0 1 0 0 5 16
430 16 5 4 1 0 0 9 3
0 0 8 0 0 8 0 1 16 5
1 0 17 0 0 2 0 2 5 4
2 0 19 0 0 1 0 0 4 16
499 13 9 17 1 0 0 9 3
0 0 8 0 0 8 0 1 13 9
1 0 17 0 0 2 0 2 9 17
2 0 19 0 0 1 0 0 17 13
284 11 5 15 1 0 0 9 3
0 0 8 0 0 8 0 1 11 5
1 0 17 0 0 2 0 2 5 15
2 0 19 0 0 1 0 0 15 11
741 11 9 5 1 0 1 9 3
0 0 8 0 0 8 0 1 11 9
1 0 17 0 0 2 0 2 9 5
2 0 19 0 0 1 0 0 5 11
885 11 15 17 1 0 0 9 3
0 0 8 0 0 8 0 1 11 15
1 0 17 0 0 2 0 2 15 17
2 0 19 0 0 1 0 0 17 11
900 11 15 5 1 0 1 9 3
0 0 7 0 0 8 0 1 11 15
1 0 17 0 0 2 0 2 15 5
2 0 19 0 0 1 0 0 5 11
36 11 9 4 1 0 0 9 3
0 0 8 0 0 8 0 1 11 9
1 0 17 0 0 2 0 2 9 4
2 0 19 0 0 1 0 0 4 11
665 14 0 15 1 0 0 9 3
0 0 7 0 0 8 0 1 14 0
1 0 17 0 0 2 0 2 0 15
2 0 19 0 0 1 0 0 15 14
828 14 0 4 1 0 0 9 3
0 0 7 0 0 8 0 1 14 0
1 0 17 0 0 2 0 2 0 4
2 0 19 0 0 1 0 0 4 14
315 14 9 15 1 0 0 9 3
0 0 8 0 0 8 0 1 14 9
1 0 17 0 0 2 0 2 9 15
2 0 19 0 0 1 0 0 15 14
254 2 18 0 1 0 0 9 3
0 0 7 0 0 8 0 1 2 18
1 0 17 0 0 2 0 2 18 0
2 0 19 0 0 1 0 0 0 2
570 12 18 0 1 0 0 9 3
0 0 8 0 0 8 0 1 12 18
1 0 17 0 0 2 0 2 18 0
2 0 19 0 0 1 0 0 0 12
803 2 14 0 1 0 0 9 3
0 0 7 0 0 8 0 1 2 14
1 0 17 0 0 2 0 2 14 0
2 0 19 0 0 1 0 0 0 2
553 16 14 5 1 0 1 9 3
0 0 8 0 0 8 0 1 16 14
1 0 17 0 0 2 0 2 14 5
2 0 19 0 0 1 0 0 5 16
669 11 14 5 1 0 1 9 3
0 0 7 0 0 8 0 1 11 14
1 0 17 0 0 2 0 2 14 5
2 0 19 0 0 1 0 0 5 11
737 12 14 0 1 0 0 9 3
0 0 8 0 0 8 0 1 12 14
1 0 17 0 0 2 0 2 14 0
2 0 19 0 0 1 0 0 0 12
551 8 2 17 1 0 0 9 3
0 0 7 0 0 8 0 1 8 2
1 0 17 0 0 2 0 2 2 17
2 0 19 0 0 1 0 0 17 8
502 7 11 0 1 0 0 9 3
0 0 7 0 0 8 0 1 7 11
1 0 17 0 0 2 0 2 11 0
2 0 19 0 0 1 0 0 0 7
350 14 3 4 1 0 0 9 3
0 0 8 0 0 8 0 1 14 3
1 0 17 0 0 2 0 2 3 4
2 0 19 0 0 1 0 0 4 14
677 18 8 4 1 0 0 9 3
0 0 7 0 0 8 0 1 18 8
1 0 17 0 0 2 0 2 8 4
2 0 19 0 0 1 0 0 4 18
414 16 1 0 1 0 0 9 3
0 0 7 0 0 8 0 1 16 1
1 0 17 0 0 2 0 2 1 0
2 0 19 0 0 1 0 0 0 16
249 16 13 17 1 0 0 9 3
0 0 6 0 0 8 0 1 16 13
1 0 17 0 0 2 0 2 13 17
2 0 19 0 0 1 0 0 17 16
893 16 13 5 1 0 1 9 3
0 0 6 0 0 8 0 1 16 13
1 0 17 0 0 2 0 2 13 5
2 0 19 0 0 1 0 0 5 16
987 2 13 4 1 0 0 9 3
0 0 7 0 0 8 0 1 2 13
1 0 17 0 0 2 0 2 13 4
2 0 19 0 0 1 0 0 4 2
176 12 13 17 1 0 0 9 3
0 0 8 0 0 8 0 1 12 13
1 0 17 0 0 2 0 2 13 17
2 0 19 0 0 1 0 0 17 12
487 18 13 5 1 0 1 9 3
0 0 7 0 0 8 0 1 18 13
1 0 17 0 0 2 0 2 13 5
2 0 19 0 0 1 0 0 5 18
264 18 13 17 1 0 0 9 3
0 0 8 0 0 8 0 1 18 13
1 0 17 0 0 2 0 2 13 17
2 0 19 0 0 1 0 0 17 18
733 2 11 5 1 0 1 9 3
0 0 6 0 0 8 0 1 2 11
1 0 17 0 0 2 0 2 11 5
2 0 19 0 0 1 0 0 5 2
561 13 11 15 1 0 0 9 3
0 0 8 0 0 8 0 1 13 11
1 0 17 0 0 2 0 2 11 15
2 0 19 0 0 1 0 0 15 13
351 2 12 4 1 0 0 9 3
0 0 6 0 0 8 0 1 2 12
1 0 17 0 0 2 0 2 12 4
2 0 19 0 0 1 0 0 4 2
790 18 12 0 1 0 0 9 3
0 0 7 0 0 8 0 1 18 12
1 0 17 0 0 2 0 2 12 0
2 0 19 0 0 1 0 0 0 18
324 16 19 0 1 0 0 9 3
0 0 8 0 0 8 0 1 16 19
1 0 17 0 0 2 0 2 19 0
2 0 19 0 0 1 0 0 0 16
727 16 19 15 1 0 0 9 3
0 0 8 0 0 8 0 1 16 19
1 0 17 0 0 2 0 2 19 15
2 0 19 0 0 1 0 0 15 16
277 6 13 4 1 0 0 9 3
0 0 7 0 0 8 0 1 6 13
1 0 17 0 0 2 0 2 13 4
2 0 19 0 0 1 0 0 4 6
213 1 2 4 1 0 0 9 3
0 0 8 0 0 8 0 1 1 2
1 0 17 0 0 2 0 2 2 4
2 0 19 0 0 1 0 0 4 1
996 1 13 17 1 0 0 9 3
0 0 8 0 0 8 0 1 1 13
1 0 17 0 0 2 0 2 13 17
2 0 19 0 0 1 0 0 17 1
545 8 19 2 1 2 0 13 3
0 0 7 0 0 8 0 1 8 19
1 0 17 0 0 2 0 2 19 13
2 0 19 0 0 1 0 0 13 8
347 19 8 2 1 2 1 18 3
0 0 6 0 0 8 0 1 19 8
1 0 17 0 0 2 0 2 8 18
2 0 19 0 0 1 0 0 18 19
567 10 8 2 1 2 1 16 3
0 0 7 0 0 8 0 1 10 8
1 0 17 0 0 2 0 2 8 16
2 0 19 0 0 1 0 0 16 10
892 9 8 2 1 2 1 18 3
0 0 8 0 0 8 0 1 9 8
1 0 17 0 0 2 0 2 8 18
2 0 19 0 0 1 0 0 18 9
956 6 8 8 0 1 0 2 3
0 0 7 0 0 8 0 1 6 8
1 0 17 0 0 2 0 2 8 2
2 0 19 0 0 1 0 0 2 6
111 10 7 2 1 2 1 18 3
0 0 8 0 0 8 0 1 10 7
1 0 17 0 0 2 0 2 7 18
2 0 19 0 0 1 0 0 18 10
279 9 7 2 1 2 0 12 3
0 0 8 0 0 8 0 1 9 7
1 0 17 0 0 2 0 2 7 12
2 0 19 0 0 1 0 0 12 9
896 7 9 2 1 2 0 12 3
0 0 6 0 0 8 0 1 7 9
1 0 17 0 0 2 0 2 9 12
2 0 19 0 0 1 0 0 12 7
593 5 9 9 0 1 0 2 3
0 0 7 0 0 8 0 1 5 9
1 0 17 0 0 2 0 2 9 2
2 0 19 0 0 1 0 0 2 5
618 17 7 2 1 2 0 13 3
0 0 7 0 0 8 0 1 17 7
1 0 17 0 0 2 0 2 7 13
2 0 19 0 0 1 0 0 13 17
81 19 6 2 1 2 1 14 3
0 0 6 0 0 8 0 1 19 6
1 0 17 0 0 2 0 2 6 14
2 0 19 0 0 1 0 0 14 19
859 18 7 2 1 2 0 12 3
0 0 6 0 0 8 0 1 18 7
1 0 17 0 0 2 0 2 7 12
2 0 19 0 0 1 0 0 12 18
231 16 9 2 1 2 0 13 3
0 0 6 0 0 8 0 1 16 9
1 0 17 0 0 2 0 2 9 13
2 0 19 0 0 1 0 0 13 16
172 11 9 2 1 2 1 14 3
0 0 6 0 0 8 0 1 11 9
1 0 17 0 0 2 0 2 9 14
2 0 19 0 0 1 0 0 14 11
959 12 10 2 1 2 1 18 3
0 0 6 0 0 8 0 1 12 10
1 0 17 0 0 2 0 2 10 18
2 0 19 0 0 1 0 0 18 12
945 11 7 2 1 2 1 16 3
0 0 6 0 0 8 0 1 11 7
1 0 17 0 0 2 0 2 7 16
2 0 19 0 0 1 0 0 16 11
994 13 10 2 1 2 0 11 3
0 0 6 0 0 8 0 1 13 10
1 0 17 0 0 2 0 2 10 11
2 0 19 0 0 1 0 0 11 13
197 18 9 9 0 1 0 2 3
0 0 7 0 0 8 0 1 18 9
1 0 17 0 0 2 0 2 9 2
2 0 19 0 0 1 0 0 2 18
550 18 19 2 1 2 1 14 3
0 0 7 0 0 8 0 1 18 19
1 0 17 0 0 2 0 2 19 14
2 0 19 0 0 1 0 0 14 18
943 2 9 3 0 1 1 2 3
0 0 6 0 0 8 0 1 2 9
1 0 17 0 0 2 0 2 9 3
2 0 19 0 0 1 0 0 3 2
873 12 10 2 1 2 0 12 3
0 0 7 0 0 8 0 1 12 10
1 0 17 0 0 2 0 2 10 3
2 0 19 0 0 1 0 0 3 12
443 11 3 2 1 1 0 3 3
0 0 6 0 0 8 0 1 11 3
1 0 17 0 0 2 0 2 3 2
2 0 19 0 0 1 0 0 2 11
875 12 5 2 1 1 1 9 3
0 0 6 0 0 8 0 1 12 5
1 0 17 0 0 2 0 2 5 2
2 0 19 0 0 1 0 0 2 12
263 18 15 2 1 1 1 9 3
0 0 7 0 0 8 0 1 18 15
1 0 17 0 0 2 0 2 15 19
2 0 19 0 0 1 0 0 19 18
917 18 6 2 1 1 1 6 3
0 0 7 0 0 8 0 1 18 6
1 0 17 0 0 2 0 2 6 14
2 0 19 0 0 1 0 0 14 18
526 16 3 2 1 1 0 3 3
0 0 7 0 0 8 0 1 16 3
1 0 17 0 0 2 0 2 3 13
2 0 19 0 0 1 0 0 13 16
325 14 8 2 1 1 1 8 3
0 0 7 0 0 8 0 1 14 8
1 0 17 0 0 2 0 2 8 16
2 0 19 0 0 1 0 0 16 14
747 16 13 2 1 1 1 9 3
0 0 6 0 0 8 0 1 16 13
1 0 17 0 0 2 0 2 13 4
2 0 19 0 0 1 0 0 4 16
933 18 13 2 1 1 1 6 3
0 0 7 0 0 8 0 1 18 13
1 0 17 0 0 2 0 2 13 6
2 0 19 0 0 1 0 0 6 18
481 18 13 2 1 1 1 6 3
0 0 8 0 0 8 0 1 18 13
1 0 17 0 0 2 0 2 13 6
2 0 19 0 0 1 0 0 6 18
204 3 11 2 1 1 1 9 3
0 0 6 0 0 8 0 1 3 11
1 0 17 0 0 2 0 2 11 9
2 0 19 0 0 1 0 0 9 3
952 3 13 2 1 1 1 9 3
0 0 6 0 0 8 0 1 3 13
1 0 17 0 0 2 0 2 13 15
2 0 19 0 0 1 0 0 15 3
478 7 13 2 1 1 1 6 3
0 0 6 0 0 8 0 1 7 13
1 0 17 0 0 2 0 2 13 6
2 0 19 0 0 1 0 0 6 7
982 7 13 2 1 1 1 9 3
0 0 6 0 0 8 0 1 7 13
1 0 17 0 0 2 0 2 13 4
2 0 19 0 0 1 0 0 4 7
949 6 13 13 0 2 1 2 3
0 0 6 0 0 8 0 1 6 13
1 0 17 0 0 2 0 2 13 2
2 0 19 0 0 1 0 0 2 6
376 9 11 2 1 1 1 9 3
0 0 7 0 0 8 0 1 9 11
1 0 17 0 0 2 0 2 11 5
2 0 19 0 0 1 0 0 5 9
372 10 13 2 1 1 1 9 3
0 0 6 0 0 8 0 1 10 13
1 0 17 0 0 2 0 2 13 17
2 0 19 0 0 1 0 0 17 10
932 7 12 12 0 2 1 2 3
0 0 6 0 0 8 0 1 7 12
1 0 17 0 0 2 0 2 12 2
2 0 19 0 0 1 0 0 2 7
532 1 11 2 1 1 1 9 3
0 0 7 0 0 8 0 1 1 11
1 0 17 0 0 2 0 2 11 17
2 0 19 0 0 1 0 0 17 1
163 3 11 2 1 1 1 6 3
0 0 7 0 0 8 0 1 3 11
1 0 17 0 0 2 0 2 11 6
2 0 19 0 0 1 0 0 6 3
378 3 12 2 1 1 1 9 3
0 0 8 0 0 8 0 1 3 12
1 0 17 0 0 2 0 2 12 17
2 0 19 0 0 1 0 0 17 3
814 1 11 2 1 1 1 9 3
0 0 8 0 0 8 0 1 1 11
1 0 17 0 0 2 0 2 11 17
2 0 19 0 0 1 0 0 17 1
475 3 13 2 1 1 1 9 3
0 0 8 0 0 8 0 1 3 13
1 0 17 0 0 2 0 2 13 15
2 0 19 0 0 1 0 0 15 3
485 8 12 2 1 1 1 8 3
0 0 6 0 0 8 0 1 8 12
1 0 17 0 0 2 0 2 12 14
2 0 19 0 0 1 0 0 14 8
851 1 13 2 1 1 0 1 3
0 0 8 0 0 8 0 1 1 13
1 0 17 0 0 2 0 2 13 14
2 0 19 0 0 1 0 0 14 1
809 19 2 19 0 1 0 2 3
0 0 6 0 0 8 0 1 19 2
1 0 17 0 0 2 0 2 2 0
2 0 19 0 0 1 0 0 0 19
432 9 18 2 1 2 1 18 3
0 0 6 0 0 8 0 1 9 18
1 0 17 0 0 2 0 2 18 8
2 0 19 0 0 1 0 0 8 9
5 1 18 2 1 2 1 18 3
0 0 7 0 0 8 0 1 1 18
1 0 17 0 0 2 0 2 18 6
2 0 19 0 0 1 0 0 6 1
170 9 10 2 1 2 0 12 3
0 0 6 0 0 8 0 1 9 10
1 0 17 0 0 2 0 2 10 12
2 0 19 0 0 1 0 0 12 9
20 8 10 2 1 2 1 14 3
0 0 6 0 0 8 0 1 8 10
1 0 17 0 0 2 0 2 10 14
2 0 19 0 0 1 0 0 14 8
302 19 9 2 1 2 0 13 3
0 0 7 0 0 8 0 1 19 9
1 0 17 0 0 2 0 2 9 13
2 0 19 0 0 1 0 0 13 19
985 8 6 6 0 1 0 2 3
0 0 6 0 0 8 0 1 8 6
1 0 17 0 0 2 0 2 6 2
2 0 19 0 0 1 0 0 2 8
801 19 6 6 0 1 0 2 3
0 0 7 0 0 8 0 1 19 6
1 0 17 0 0 2 0 2 6 2
2 0 19 0 0 1 0 0 2 19
248 14 6 2 1 2 1 16 3
0 0 8 0 0 8 0 1 14 6
1 0 17 0 0 2 0 2 6 16
2 0 19 0 0 1 0 0 16 14
714 14 9 2 1 2 0 13 3
0 0 6 0 0 8 0 1 14 9
1 0 17 0 0 2 0 2 9 13
2 0 19 0 0 1 0 0 13 14
399 12 10 2 1 2 0 11 3
0 0 7 0 0 8 0 1 12 10
1 0 17 0 0 2 0 2 10 11
2 0 19 0 0 1 0 0 11 12
201 13 6 2 1 2 1 18 3
0 0 7 0 0 8 0 1 13 6
1 0 17 0 0 2 0 2 6 18
2 0 19 0 0 1 0 0 18 13
454 13 10 10 0 1 0 2 3
0 0 8 0 0 8 0 1 13 10
1 0 17 0 0 2 0 2 10 2
2 0 19 0 0 1 0 0 2 13
808 12 10 10 0 1 0 2 3
0 0 8 0 0 8 0 1 12 10
1 0 17 0 0 2 0 2 10 2
2 0 19 0 0 1 0 0 2 12
58 14 7 2 1 2 1 14 3
0 0 6 0 0 8 0 1 14 7
1 0 17 0 0 2 0 2 7 1
2 0 19 0 0 1 0 0 1 14
822 12 8 2 1 2 0 12 3
0 0 7 0 0 8 0 1 12 8
1 0 17 0 0 2 0 2 8 1
2 0 19 0 0 1 0 0 1 12
991 12 3 2 1 2 0 12 3
0 0 8 0 0 8 0 1 12 3
1 0 17 0 0 2 0 2 3 1
2 0 19 0 0 1 0 0 1 12
853 9 18 2 1 2 1 18 3
0 0 7 0 0 8 0 1 9 18
1 0 17 0 0 2 0 2 18 0
2 0 19 0 0 1 0 0 0 9
556 1 16 2 1 2 1 16 3
0 0 8 0 0 8 0 1 1 16
1 0 17 0 0 2 0 2 16 14
2 0 19 0 0 1 0 0 14 1
868 1 16 2 1 2 1 16 3
0 0 8 0 0 8 0 1 1 16
1 0 17 0 0 2 0 2 16 14
2 0 19 0 0 1 0 0 14 1
471 14 19 19 0 1 0 2 3
0 0 8 0 0 8 0 1 14 19
1 0 17 0 0 2 0 2 19 2
2 0 19 0 0 1 0 0 2 14
22 16 0 2 1 1 1 9 3
0 0 6 0 0 8 0 1 16 0
1 0 17 0 0 2 0 2 0 13
2 0 19 0 0 1 0 0 13 16
390 12 8 2 1 1 1 8 3
0 0 7 0 0 8 0 1 12 8
1 0 17 0 0 2 0 2 8 14
2 0 19 0 0 1 0 0 14 12
183 13 5 2 1 1 1 9 3
0 0 7 0 0 8 0 1 13 5
1 0 17 0 0 2 0 2 5 7
2 0 19 0 0 1 0 0 7 13
290 16 11 2 1 1 1 9 3
0 0 7 0 0 8 0 1 16 11
1 0 17 0 0 2 0 2 11 5
2 0 19 0 0 1 0 0 5 16
811 18 11 2 1 1 1 9 3
0 0 8 0 0 8 0 1 18 11
1 0 17 0 0 2 0 2 11 5
2 0 19 0 0 1 0 0 5 18
26 13 12 2 1 1 1 9 3
0 0 7 0 0 8 0 1 13 12
1 0 17 0 0 2 0 2 12 4
2 0 19 0 0 1 0 0 4 13
313 18 12 2 1 1 1 6 3
0 0 8 0 0 8 0 1 18 12
1 0 17 0 0 2 0 2 12 6
2 0 19 0 0 1 0 0 6 18
997 1 12 2 1 1 1 9 3
0 0 6 0 0 8 0 1 1 12
1 0 17 0 0 2 0 2 12 4
2 0 19 0 0 1 0 0 4 1
255 10 11 2 1 1 1 8 3
0 0 7 0 0 8 0 1 10 11
1 0 17 0 0 2 0 2 11 8
2 0 19 0 0 1 0 0 8 10
884 19 13 2 1 1 1 9 3
0 0 7 0 0 8 0 1 19 13
1 0 17 0 0 2 0 2 13 15
2 0 19 0 0 1 0 0 15 19
69 9 12 2 1 1 1 19 3
0 0 8 0 0 8 0 1 9 12
1 0 17 0 0 2 0 2 12 19
2 0 19 0 0 1 0 0 19 9
890 19 12 2 1 1 1 8 3
0 0 8 0 0 8 0 1 19 12
1 0 17 0 0 2 0 2 12 8
2 0 19 0 0 1 0 0 8 19
837 7 13 2 1 1 0 1 3
0 0 7 0 0 8 0 1 7 13
1 0 17 0 0 2 0 2 13 1
2 0 19 0 0 1 0 0 1 7
752 7 11 2 1 1 1 9 3
0 0 8 0 0 8 0 1 7 11
1 0 17 0 0 2 0 2 11 15
2 0 19 0 0 1 0 0 15 7
95 1 16 2 1 1 0 1 3
0 0 6 0 0 8 0 1 1 16
1 0 17 0 0 2 0 2 16 18
2 0 19 0 0 1 0 0 18 1
507 3 16 2 1 1 0 3 3
0 0 6 0 0 8 0 1 3 16
1 0 17 0 0 2 0 2 16 18
2 0 19 0 0 1 0 0 18 3
586 6 13 2 1 1 1 6 3
0 0 6 0 0 8 0 1 6 13
1 0 17 0 0 2 0 2 13 18
2 0 19 0 0 1 0 0 18 6
980 8 11 2 1 1 1 8 3
0 0 6 0 0 8 0 1 8 11
1 0 17 0 0 2 0 2 11 18
2 0 19 0 0 1 0 0 18 8
150 1 14 2 1 1 0 1 3
0 0 6 0 0 8 0 1 1 14
1 0 17 0 0 2 0 2 14 18
2 0 19 0 0 1 0 0 18 1
538 2 11 18 0 2 0 2 3
0 0 8 0 0 8 0 1 2 11
1 0 17 0 0 2 0 2 11 18
2 0 19 0 0 1 0 0 18 2
908 19 2 2 1 1 1 19 3
0 0 6 0 0 8 0 1 19 2
1 0 17 0 0 2 0 2 2 16
2 0 19 0 0 1 0 0 16 19
175 2 11 16 0 2 0 2 3
0 0 7 0 0 8 0 1 2 11
1 0 17 0 0 2 0 2 11 16
2 0 19 0 0 1 0 0 16 2
107 7 12 2 1 1 1 7 3
0 0 7 0 0 8 0 1 7 12
1 0 17 0 0 2 0 2 12 16
2 0 19 0 0 1 0 0 16 7
145 2 13 16 0 2 0 2 3
0 0 7 0 0 8 0 1 2 13
1 0 17 0 0 2 0 2 13 16
2 0 19 0 0 1 0 0 16 2
849 11 4 2 1 1 1 9 3
0 0 8 0 0 8 0 1 11 4
1 0 17 0 0 2 0 2 4 10
2 0 19 0 0 1 0 0 10 11
476 13 15 2 1 1 1 9 3
0 0 8 0 0 8 0 1 13 15
1 0 17 0 0 2 0 2 15 0
2 0 19 0 0 1 0 0 0 13
184 12 18 18 0 2 0 2 3
0 0 6 0 0 8 0 1 12 18
1 0 17 0 0 2 0 2 18 2
2 0 19 0 0 1 0 0 2 12
326 14 18 2 1 1 1 8 3
0 0 7 0 0 8 0 1 14 18
1 0 17 0 0 2 0 2 18 8
2 0 19 0 0 1 0 0 8 14
354 16 18 18 0 2 0 2 3
0 0 8 0 0 8 0 1 16 18
1 0 17 0 0 2 0 2 18 2
2 0 19 0 0 1 0 0 2 16
489 14 16 2 1 1 1 7 3
0 0 6 0 0 8 0 1 14 16
1 0 17 0 0 2 0 2 16 7
2 0 19 0 0 1 0 0 7 14
881 13 16 2 1 1 1 9 3
0 0 7 0 0 8 0 1 13 16
1 0 17 0 0 2 0 2 16 15
2 0 19 0 0 1 0 0 15 13
98 2 14 2 1 1 1 7 3
0 0 6 0 0 8 0 1 2 14
1 0 17 0 0 2 0 2 14 7
2 0 19 0 0 1 0 0 7 2
301 2 14 2 1 1 1 9 3
0 0 8 0 0 8 0 1 2 14
1 0 17 0 0 2 0 2 14 4
2 0 19 0 0 1 0 0 4 2
156 1 14 2 1 1 1 9 3
0 0 6 0 0 8 0 1 1 14
1 0 17 0 0 2 0 2 14 4
2 0 19 0 0 1 0 0 4 1
690 1 18 2 1 1 1 9 3
0 0 6 0 0 8 0 1 1 18
1 0 17 0 0 2 0 2 18 0
2 0 19 0 0 1 0 0 0 1
631 3 18 2 1 1 1 10 3
0 0 6 0 0 8 0 1 3 18
1 0 17 0 0 2 0 2 18 10
2 0 19 0 0 1 0 0 10 3
516 19 14 2 1 1 1 7 3
0 0 6 0 0 8 0 1 19 14
1 0 17 0 0 2 0 2 14 7
2 0 19 0 0 1 0 0 7 19
330 8 18 2 1 1 1 9 3
0 0 6 0 0 8 0 1 8 18
1 0 17 0 0 2 0 2 18 5
2 0 19 0 0 1 0 0 5 8
140 6 14 2 1 1 1 8 3
0 0 6 0 0 8 0 1 6 14
1 0 17 0 0 2 0 2 14 8
2 0 19 0 0 1 0 0 8 6
147 9 14 2 1 1 1 9 3
0 0 7 0 0 8 0 1 9 14
1 0 17 0 0 2 0 2 14 0
2 0 19 0 0 1 0 0 0 9
560 19 14 2 1 1 1 9 3
0 0 6 0 0 8 0 1 19 14
1 0 17 0 0 2 0 2 14 0
2 0 19 0 0 1 0 0 0 19
961 1 14 2 1 1 1 9 3
0 0 7 0 0 8 0 1 1 14
1 0 17 0 0 2 0 2 14 5
2 0 19 0 0 1 0 0 5 1
225 2 14 11 0 2 1 2 3
0 0 6 0 0 8 0 1 2 14
1 0 17 0 0 2 0 2 14 11
2 0 19 0 0 1 0 0 11 2
226 1 12 2 1 1 0 1 3
0 0 7 0 0 8 0 1 1 12
1 0 17 0 0 2 0 2 12 11
2 0 19 0 0 1 0 0 11 1
366 2 12 11 0 2 1 2 3
0 0 6 0 0 8 0 1 2 12
1 0 17 0 0 2 0 2 12 11
2 0 19 0 0 1 0 0 11 2
18 2 14 12 0 2 1 2 3
0 0 6 0 0 8 0 1 2 14
1 0 17 0 0 2 0 2 14 12
2 0 19 0 0 1 0 0 12 2
215 9 16 2 1 1 1 9 3
0 0 6 0 0 8 0 1 9 16
1 0 17 0 0 2 0 2 16 12
2 0 19 0 0 1 0 0 12 9
1 1 16 2 1 1 0 1 3
0 0 7 0 0 8 0 1 1 16
1 0 17 0 0 2 0 2 16 12
2 0 19 0 0 1 0 0 12 1
972 3 13 2 1 1 0 3 3
0 0 6 0 0 8 0 1 3 13
1 0 17 0 0 2 0 2 13 12
2 0 19 0 0 1 0 0 12 3
21 7 18 2 1 1 1 7 3
0 0 7 0 0 8 0 1 7 18
1 0 17 0 0 2 0 2 18 12
2 0 19 0 0 1 0 0 12 7
698 3 14 2 1 1 0 3 3
0 0 6 0 0 8 0 1 3 14
1 0 17 0 0 2 0 2 14 13
2 0 19 0 0 1 0 0 13 3
765 8 2 2 1 1 1 8 3
0 0 6 0 0 8 0 1 8 2
1 0 17 0 0 2 0 2 2 13
2 0 19 0 0 1 0 0 13 8
4 6 18 2 1 1 1 6 3
0 0 7 0 0 8 0 1 6 18
1 0 17 0 0 2 0 2 18 13
2 0 19 0 0 1 0 0 13 6
27 14 7 2 1 1 1 7 3
0 0 8 0 0 8 0 1 14 7
1 0 17 0 0 2 0 2 7 0
2 0 19 0 0 1 0 0 0 14
137 9 16 2 1 1 1 7 3
0 0 7 0 0 8 0 1 9 16
1 0 17 0 0 2 0 2 16 7
2 0 19 0 0 1 0 0 7 9
825 1 16 2 1 1 1 6 3
0 0 8 0 0 8 0 1 1 16
1 0 17 0 0 2 0 2 16 6
2 0 19 0 0 1 0 0 6 1
160 19 18 2 1 1 1 9 3
0 0 7 0 0 8 0 1 19 18
1 0 17 0 0 2 0 2 18 17
2 0 19 0 0 1 0 0 17 19
321 19 16 2 1 1 1 9 3
0 0 8 0 0 8 0 1 19 16
1 0 17 0 0 2 0 2 16 4
2 0 19 0 0 1 0 0 4 19
169 9 16 2 1 1 1 9 3
0 0 8 0 0 8 0 1 9 16
1 0 17 0 0 2 0 2 16 0
2 0 19 0 0 1 0 0 0 9
334 10 16 2 1 1 1 9 3
0 0 8 0 0 8 0 1 10 16
1 0 17 0 0 2 0 2 16 15
2 0 19 0 0 1 0 0 15 10
474 7 16 2 1 1 1 9 3
0 0 7 0 0 8 0 1 7 16
1 0 17 0 0 2 0 2 16 0
2 0 19 0 0 1 0 0 0 7
547 18 10 2 1 1 1 10 3
0 0 8 0 0 8 0 1 18 10
1 0 17 0 0 2 0 2 10 6
2 0 19 0 0 1 0 0 6 18
411 16 17 2 1 1 1 9 3
0 0 8 0 0 8 0 1 16 17
1 0 17 0 0 2 0 2 17 11
2 0 19 0 0 1 0 0 11 16
878 16 4 2 1 1 1 9 3
0 0 8 0 0 8 0 1 16 4
1 0 17 0 0 2 0 2 4 0
2 0 19 0 0 1 0 0 0 16
745 6 3 3 0 1 1 2 3
0 0 6 0 0 8 0 1 6 3
1 0 17 0 0 2 0 2 3 2
2 0 19 0 0 1 0 0 2 6
198 13 1 2 1 2 1 16 3
0 0 6 0 0 8 0 1 13 1
1 0 17 0 0 2 0 2 1 16
2 0 19 0 0 1 0 0 16 13
450 11 3 2 1 2 1 18 3
0 0 8 0 0 8 0 1 11 3
1 0 17 0 0 2 0 2 3 18
2 0 19 0 0 1 0 0 18 11
850 0 1 2 1 2 0 11 3
0 0 6 0 0 8 0 1 0 1
1 0 17 0 0 2 0 2 1 11
2 0 19 0 0 1 0 0 11 0
211 4 1 2 1 2 1 18 3
0 0 6 0 0 8 0 1 4 1
1 0 17 0 0 2 0 2 1 18
2 0 19 0 0 1 0 0 18 4
398 4 1 1 0 1 1 2 3
0 0 7 0 0 8 0 1 4 1
1 0 17 0 0 2 0 2 1 2
2 0 19 0 0 1 0 0 2 4
115 12 6 2 1 2 0 12 3
0 0 6 0 0 8 0 1 12 6
1 0 17 0 0 2 0 2 6 19
2 0 19 0 0 1 0 0 19 12
253 14 9 2 1 2 1 14 3
0 0 8 0 0 8 0 1 14 9
1 0 17 0 0 2 0 2 9 19
2 0 19 0 0 1 0 0 19 14
865 12 2 2 1 2 0 12 3
0 0 7 0 0 8 0 1 12 2
1 0 17 0 0 2 0 2 2 19
2 0 19 0 0 1 0 0 19 12
921 11 3 2 1 2 0 11 3
0 0 8 0 0 8 0 1 11 3
1 0 17 0 0 2 0 2 3 19
2 0 19 0 0 1 0 0 19 11
754 2 8 10 0 1 0 2 3
0 0 7 0 0 8 0 1 2 8
1 0 17 0 0 2 0 2 8 10
2 0 19 0 0 1 0 0 10 2
606 18 3 2 1 2 1 18 3
0 0 6 0 0 8 0 1 18 3
1 0 17 0 0 2 0 2 3 8
2 0 19 0 0 1 0 0 8 18
375 2 1 8 0 1 0 2 3
0 0 7 0 0 8 0 1 2 1
1 0 17 0 0 2 0 2 1 8
2 0 19 0 0 1 0 0 8 2
548 12 1 2 1 2 0 12 3
0 0 6 0 0 8 0 1 12 1
1 0 17 0 0 2 0 2 1 7
2 0 19 0 0 1 0 0 7 12
777 2 6 7 0 1 0 2 3
0 0 8 0 0 8 0 1 2 6
1 0 17 0 0 2 0 2 6 7
2 0 19 0 0 1 0 0 7 2
320 2 3 6 0 1 0 2 3
0 0 8 0 0 8 0 1 2 3
1 0 17 0 0 2 0 2 3 6
2 0 19 0 0 1 0 0 6 2
840 16 3 2 1 2 1 16 3
0 0 6 0 0 8 0 1 16 3
1 0 17 0 0 2 0 2 3 6
2 0 19 0 0 1 0 0 6 16
792 1 12 2 1 2 0 12 3
0 0 6 0 0 8 0 1 1 12
1 0 17 0 0 2 0 2 12 19
2 0 19 0 0 1 0 0 19 1
864 19 16 2 1 2 1 16 3
0 0 7 0 0 8 0 1 19 16
1 0 17 0 0 2 0 2 16 3
2 0 19 0 0 1 0 0 3 19
85 9 18 2 1 2 1 18 3
0 0 8 0 0 8 0 1 9 18
1 0 17 0 0 2 0 2 18 14
2 0 19 0 0 1 0 0 14 9
656 6 16 2 1 2 1 16 3
0 0 8 0 0 8 0 1 6 16
1 0 17 0 0 2 0 2 16 5
2 0 19 0 0 1 0 0 5 6
546 7 1 2 1 2 0 13 3
0 0 8 0 0 8 0 1 7 1
1 0 17 0 0 2 0 2 1 13
2 0 19 0 0 1 0 0 13 7
802 0 3 2 1 2 1 14 3
0 0 7 0 0 8 0 1 0 3
1 0 17 0 0 2 0 2 3 14
2 0 19 0 0 1 0 0 14 0
701 5 3 2 1 2 0 13 3
0 0 7 0 0 8 0 1 5 3
1 0 17 0 0 2 0 2 3 13
2 0 19 0 0 1 0 0 13 5
613 17 1 2 1 2 1 18 3
0 0 8 0 0 8 0 1 17 1
1 0 17 0 0 2 0 2 1 18
2 0 19 0 0 1 0 0 18 17
628 14 6 2 1 2 1 14 3
0 0 6 0 0 8 0 1 14 6
1 0 17 0 0 2 0 2 6 10
2 0 19 0 0 1 0 0 10 14
394 18 6 2 1 2 1 18 3
0 0 8 0 0 8 0 1 18 6
1 0 17 0 0 2 0 2 6 10
2 0 19 0 0 1 0 0 10 18
103 18 2 2 1 2 1 18 3
0 0 6 0 0 8 0 1 18 2
1 0 17 0 0 2 0 2 2 10
2 0 19 0 0 1 0 0 10 18
855 12 7 2 1 2 0 12 3
0 0 6 0 0 8 0 1 12 7
1 0 17 0 0 2 0 2 7 10
2 0 19 0 0 1 0 0 10 12
713 2 10 9 0 1 0 2 3
0 0 6 0 0 8 0 1 2 10
1 0 17 0 0 2 0 2 10 9
2 0 19 0 0 1 0 0 9 2
799 18 6 2 1 2 1 18 3
0 0 8 0 0 8 0 1 18 6
1 0 17 0 0 2 0 2 6 9
2 0 19 0 0 1 0 0 9 18
712 2 17 8 0 1 0 2 3
0 0 6 0 0 8 0 1 2 17
1 0 17 0 0 2 0 2 17 8
2 0 19 0 0 1 0 0 8 2
421 2 4 8 0 1 0 2 3
0 0 7 0 0 8 0 1 2 4
1 0 17 0 0 2 0 2 4 8
2 0 19 0 0 1 0 0 8 2
929 2 17 6 0 1 0 2 3
0 0 6 0 0 8 0 1 2 17
1 0 17 0 0 2 0 2 17 6
2 0 19 0 0 1 0 0 6 2
219 2 6 9 0 1 0 2 3
0 0 8 0 0 8 0 1 2 6
1 0 17 0 0 2 0 2 6 9
2 0 19 0 0 1 0 0 9 2
392 10 18 2 1 2 1 18 3
0 0 8 0 0 8 0 1 10 18
1 0 17 0 0 2 0 2 18 13
2 0 19 0 0 1 0 0 13 10
888 7 14 2 1 2 1 14 3
0 0 7 0 0 8 0 1 7 14
1 0 17 0 0 2 0 2 14 6
2 0 19 0 0 1 0 0 6 7
418 17 9 9 0 1 0 3 3
0 0 6 0 0 8 0 1 17 9
1 0 17 0 0 2 0 2 9 3
2 0 19 0 0 1 0 0 3 17
88 5 10 10 0 1 0 3 3
0 0 7 0 0 8 0 1 5 10
1 0 17 0 0 2 0 2 10 3
2 0 19 0 0 1 0 0 3 5
535 9 10 10 0 1 0 3 3
0 0 6 0 0 8 0 1 9 10
1 0 17 0 0 2 0 2 10 3
2 0 19 0 0 1 0 0 3 9
408 14 1 1 0 1 1 3 3
0 0 7 0 0 8 0 1 14 1
1 0 17 0 0 2 0 2 1 3
2 0 19 0 0 1 0 0 3 14
951 5 1 1 0 1 1 3 3
0 0 6 0 0 8 0 1 5 1
1 0 17 0 0 2 0 2 1 3
2 0 19 0 0 1 0 0 3 5
143 3 6 8 0 1 0 3 3
0 0 6 0 0 8 0 1 3 6
1 0 17 0 0 2 0 2 6 8
2 0 19 0 0 1 0 0 8 3
161 3 1 7 0 1 0 3 3
0 0 7 0 0 8 0 1 3 1
1 0 17 0 0 2 0 2 1 7
2 0 19 0 0 1 0 0 7 3
63 3 2 10 0 1 0 3 3
0 0 6 0 0 8 0 1 3 2
1 0 17 0 0 2 0 2 2 10
2 0 19 0 0 1 0 0 10 3
652 3 2 10 0 1 0 3 3
0 0 6 0 0 8 0 1 3 2
1 0 17 0 0 2 0 2 2 10
2 0 19 0 0 1 0 0 10 3
10 3 4 7 0 1 0 3 3
0 0 7 0 0 8 0 1 3 4
1 0 17 0 0 2 0 2 4 7
2 0 19 0 0 1 0 0 7 3
706 4 15 5 0 0 1 4 3
0 0 6 0 0 8 0 1 4 15
1 0 17 0 0 2 0 2 15 5
2 0 19 0 0 1 0 0 5 4
203 4 13 5 0 0 1 4 3
0 0 8 0 0 8 0 1 4 13
1 0 17 0 0 2 0 2 13 5
2 0 19 0 0 1 0 0 5 4
695 5 4 0 0 0 0 5 3
0 0 8 0 0 8 0 1 5 4
1 0 17 0 0 2 0 2 4 0
2 0 19 0 0 1 0 0 0 5
984 5 15 17 0 0 0 5 3
0 0 8 0 0 8 0 1 5 15
1 0 17 0 0 2 0 2 15 17
2 0 19 0 0 1 0 0 17 5
524 5 0 4 0 0 0 5 3
0 0 8 0 0 8 0 1 5 0
1 0 17 0 0 2 0 2 0 4
2 0 19 0 0 1 0 0 4 5
786 5 12 0 0 0 0 5 3
0 0 7 0 0 8 0 1 5 12
1 0 17 0 0 2 0 2 12 0
2 0 19 0 0 1 0 0 0 5
905 5 0 9 0 0 0 5 3
0 0 8 0 0 8 0 1 5 0
1 0 17 0 0 2 0 2 0 9
2 0 19 0 0 1 0 0 9 5
348 5 9 15 0 0 0 5 3
0 0 6 0 0 8 0 1 5 9
1 0 17 0 0 2 0 2 9 15
2 0 19 0 0 1 0 0 15 5
14 5 13 0 0 0 0 5 3
0 0 6 0 0 8 0 1 5 13
1 0 17 0 0 2 0 2 13 0
2 0 19 0 0 1 0 0 0 5
901 6 7 3 0 1 1 6 3
0 0 7 0 0 8 0 1 6 7
1 0 17 0 0 2 0 2 7 3
2 0 19 0 0 1 0 0 3 6
340 14 19 19 0 1 0 6 3
0 0 6 0 0 8 0 1 14 19
1 0 17 0 0 2 0 2 19 6
2 0 19 0 0 1 0 0 6 14
913 6 7 1 0 1 1 6 3
0 0 6 0 0 8 0 1 6 7
1 0 17 0 0 2 0 2 7 1
2 0 19 0 0 1 0 0 1 6
236 6 12 1 0 1 1 6 3
0 0 6 0 0 8 0 1 6 12
1 0 17 0 0 2 0 2 12 1
2 0 19 0 0 1 0 0 1 6
789 6 2 1 0 1 1 6 3
0 0 8 0 0 8 0 1 6 2
1 0 17 0 0 2 0 2 2 1
2 0 19 0 0 1 0 0 1 6
82 6 3 19 0 1 0 6 3
0 0 6 0 0 8 0 1 6 3
1 0 17 0 0 2 0 2 3 19
2 0 19 0 0 1 0 0 19 6
299 6 7 19 0 1 0 6 3
0 0 8 0 0 8 0 1 6 7
1 0 17 0 0 2 0 2 7 19
2 0 19 0 0 1 0 0 19 6
57 6 2 7 0 1 0 6 3
0 0 8 0 0 8 0 1 6 2
1 0 17 0 0 2 0 2 2 7
2 0 19 0 0 1 0 0 7 6
689 6 15 8 0 1 0 6 3
0 0 7 0 0 8 0 1 6 15
1 0 17 0 0 2 0 2 15 8
2 0 19 0 0 1 0 0 8 6
281 6 10 9 0 1 0 6 3
0 0 7 0 0 8 0 1 6 10
1 0 17 0 0 2 0 2 10 9
2 0 19 0 0 1 0 0 9 6
382 8 2 2 0 1 1 7 3
0 0 6 0 0 8 0 1 8 2
1 0 17 0 0 2 0 2 2 7
2 0 19 0 0 1 0 0 7 8
579 8 2 2 0 1 1 7 3
0 0 7 0 0 8 0 1 8 2
1 0 17 0 0 2 0 2 2 7
2 0 19 0 0 1 0 0 7 8
431 7 6 8 0 1 0 7 3
0 0 7 0 0 8 0 1 7 6
1 0 17 0 0 2 0 2 6 8
2 0 19 0 0 1 0 0 8 7
3 9 1 1 0 1 1 7 3
0 0 8 0 0 8 0 1 9 1
1 0 17 0 0 2 0 2 1 7
2 0 19 0 0 1 0 0 7 9
860 14 10 10 0 1 0 7 3
0 0 6 0 0 8 0 1 14 10
1 0 17 0 0 2 0 2 10 7
2 0 19 0 0 1 0 0 7 14
278 7 1 3 0 1 1 7 3
0 0 6 0 0 8 0 1 7 1
1 0 17 0 0 2 0 2 1 3
2 0 19 0 0 1 0 0 3 7
128 17 19 19 0 1 0 7 3
0 0 6 0 0 8 0 1 17 19
1 0 17 0 0 2 0 2 19 7
2 0 19 0 0 1 0 0 7 17
423 7 8 1 0 1 1 7 3
0 0 8 0 0 8 0 1 7 8
1 0 17 0 0 2 0 2 8 1
2 0 19 0 0 1 0 0 1 7
750 7 6 2 0 1 1 7 3
0 0 6 0 0 8 0 1 7 6
1 0 17 0 0 2 0 2 6 2
2 0 19 0 0 1 0 0 2 7
343 7 10 6 0 1 1 7 3
0 0 8 0 0 8 0 1 7 10
1 0 17 0 0 2 0 2 10 6
2 0 19 0 0 1 0 0 6 7
196 7 10 9 0 1 1 7 3
0 0 6 0 0 8 0 1 7 10
1 0 17 0 0 2 0 2 10 9
2 0 19 0 0 1 0 0 9 7
265 7 2 9 0 1 1 7 3
0 0 7 0 0 8 0 1 7 2
1 0 17 0 0 2 0 2 2 9
2 0 19 0 0 1 0 0 9 7
104 7 4 6 0 1 1 7 3
0 0 8 0 0 8 0 1 7 4
1 0 17 0 0 2 0 2 4 6
2 0 19 0 0 1 0 0 6 7
132 9 8 13 1 2 1 2 3
0 0 6 0 0 8 0 1 9 8
1 0 17 0 0 2 0 2 8 13
2 0 19 0 0 1 0 0 13 9
681 8 7 10 0 1 0 8 3
0 0 8 0 0 8 0 1 8 7
1 0 17 0 0 2 0 2 7 10
2 0 19 0 0 1 0 0 10 8
992 11 19 19 0 1 0 8 3
0 0 6 0 0 8 0 1 11 19
1 0 17 0 0 2 0 2 19 8
2 0 19 0 0 1 0 0 8 11
563 8 1 3 0 1 1 8 3
0 0 6 0 0 8 0 1 8 1
1 0 17 0 0 2 0 2 1 3
2 0 19 0 0 1 0 0 3 8
847 8 10 3 0 1 1 8 3
0 0 7 0 0 8 0 1 8 10
1 0 17 0 0 2 0 2 10 3
2 0 19 0 0 1 0 0 3 8
794 8 16 3 0 1 1 8 3
0 0 8 0 0 8 0 1 8 16
1 0 17 0 0 2 0 2 16 3
2 0 19 0 0 1 0 0 3 8
364 8 19 7 0 1 1 8 3
0 0 7 0 0 8 0 1 8 19
1 0 17 0 0 2 0 2 19 7
2 0 19 0 0 1 0 0 7 8
71 8 7 6 0 1 1 8 3
0 0 7 0 0 8 0 1 8 7
1 0 17 0 0 2 0 2 7 6
2 0 19 0 0 1 0 0 6 8
171 8 9 6 0 1 1 8 3
0 0 7 0 0 8 0 1 8 9
1 0 17 0 0 2 0 2 9 6
2 0 19 0 0 1 0 0 6 8
455 8 3 9 0 1 1 8 3
0 0 8 0 0 8 0 1 8 3
1 0 17 0 0 2 0 2 3 9
2 0 19 0 0 1 0 0 9 8
930 8 1 7 0 1 1 8 3
0 0 6 0 0 8 0 1 8 1
1 0 17 0 0 2 0 2 1 7
2 0 19 0 0 1 0 0 7 8
755 5 13 16 1 2 0 2 3
0 0 6 0 0 8 0 1 5 13
1 0 17 0 0 2 0 2 13 16
2 0 19 0 0 1 0 0 16 5
341 15 14 12 1 2 1 2 3
0 0 6 0 0 8 0 1 15 14
1 0 17 0 0 2 0 2 14 12
2 0 19 0 0 1 0 0 12 15
610 17 2 12 1 2 1 2 3
0 0 6 0 0 8 0 1 17 2
1 0 17 0 0 2 0 2 2 12
2 0 19 0 0 1 0 0 12 17
367 4 2 18 1 2 0 2 3
0 0 6 0 0 8 0 1 4 2
1 0 17 0 0 2 0 2 2 18
2 0 19 0 0 1 0 0 18 4
469 4 11 16 1 2 0 2 3
0 0 6 0 0 8 0 1 4 11
1 0 17 0 0 2 0 2 11 16
2 0 19 0 0 1 0 0 16 4
178 0 13 11 1 2 1 2 3
0 0 6 0 0 8 0 1 0 13
1 0 17 0 0 2 0 2 13 11
2 0 19 0 0 1 0 0 11 0
603 0 12 18 1 2 0 2 3
0 0 6 0 0 8 0 1 0 12
1 0 17 0 0 2 0 2 12 18
2 0 19 0 0 1 0 0 18 0
510 5 11 18 1 2 0 2 3
0 0 7 0 0 8 0 1 5 11
1 0 17 0 0 2 0 2 11 18
2 0 19 0 0 1 0 0 18 5
598 5 11 18 1 2 0 2 3
0 0 6 0 0 8 0 1 5 11
1 0 17 0 0 2 0 2 11 18
2 0 19 0 0 1 0 0 18 5
165 0 16 14 1 2 0 2 3
0 0 7 0 0 8 0 1 0 16
1 0 17 0 0 2 0 2 16 14
2 0 19 0 0 1 0 0 14 0
569 0 13 18 1 2 0 2 3
0 0 7 0 0 8 0 1 0 13
1 0 17 0 0 2 0 2 13 18
2 0 19 0 0 1 0 0 18 0
744 0 14 16 1 2 0 2 3
0 0 7 0 0 8 0 1 0 14
1 0 17 0 0 2 0 2 14 16
2 0 19 0 0 1 0 0 16 0
981 15 2 11 1 2 1 2 3
0 0 7 0 0 8 0 1 15 2
1 0 17 0 0 2 0 2 2 11
2 0 19 0 0 1 0 0 11 15
566 17 13 18 1 2 0 2 3
0 0 7 0 0 8 0 1 17 13
1 0 17 0 0 2 0 2 13 18
2 0 19 0 0 1 0 0 18 17
611 17 2 11 1 2 1 2 3
0 0 7 0 0 8 0 1 17 2
1 0 17 0 0 2 0 2 2 11
2 0 19 0 0 1 0 0 11 17
391 5 12 11 1 2 1 2 3
0 0 8 0 0 8 0 1 5 12
1 0 17 0 0 2 0 2 12 11
2 0 19 0 0 1 0 0 11 5
106 0 11 18 1 2 0 2 3
0 0 8 0 0 8 0 1 0 11
1 0 17 0 0 2 0 2 11 18
2 0 19 0 0 1 0 0 18 0
131 0 14 18 1 2 0 2 3
0 0 8 0 0 8 0 1 0 14
1 0 17 0 0 2 0 2 14 18
2 0 19 0 0 1 0 0 18 0
79 4 11 12 1 2 1 2 3
0 0 8 0 0 8 0 1 4 11
1 0 17 0 0 2 0 2 11 12
2 0 19 0 0 1 0 0 12 4
584 4 11 16 1 2 0 2 3
0 0 8 0 0 8 0 1 4 11
1 0 17 0 0 2 0 2 11 16
2 0 19 0 0 1 0 0 16 4
667 4 11 12 1 2 1 2 3
0 0 8 0 0 8 0 1 4 11
1 0 17 0 0 2 0 2 11 12
2 0 19 0 0 1 0 0 12 4
768 4 18 13 1 2 1 2 3
0 0 8 0 0 8 0 1 4 18
1 0 17 0 0 2 0 2 18 13
2 0 19 0 0 1 0 0 13 4
931 0 14 13 1 2 1 2 3
0 0 6 0 0 8 0 1 0 14
1 0 17 0 0 2 0 2 14 13
2 0 19 0 0 1 0 0 13 0
795 5 10 14 1 2 0 2 3
0 0 7 0 0 8 0 1 5 10
1 0 17 0 0 2 0 2 10 14
2 0 19 0 0 1 0 0 14 5
112 0 18 12 1 2 1 2 3
0 0 8 0 0 8 0 1 0 18
1 0 17 0 0 2 0 2 18 12
2 0 19 0 0 1 0 0 12 0
151 15 5 18 1 2 0 2 3
0 0 8 0 0 8 0 1 15 5
1 0 17 0 0 2 0 2 5 18
2 0 19 0 0 1 0 0 18 15
751 5 2 13 1 2 1 2 3
0 0 6 0 0 8 0 1 5 2
1 0 17 0 0 2 0 2 2 13
2 0 19 0 0 1 0 0 13 5
76 17 9 12 1 2 1 2 3
0 0 7 0 0 8 0 1 17 9
1 0 17 0 0 2 0 2 9 12
2 0 19 0 0 1 0 0 12 17
152 5 2 16 1 2 0 2 3
0 0 8 0 0 8 0 1 5 2
1 0 17 0 0 2 0 2 2 16
2 0 19 0 0 1 0 0 16 5
368 5 14 13 1 2 1 2 3
0 0 8 0 0 8 0 1 5 14
1 0 17 0 0 2 0 2 14 13
2 0 19 0 0 1 0 0 13 5
770 5 8 14 1 2 0 2 3
0 0 8 0 0 8 0 1 5 8
1 0 17 0 0 2 0 2 8 14
2 0 19 0 0 1 0 0 14 5
623 17 15 18 1 2 0 2 3
0 0 6 0 0 8 0 1 17 15
1 0 17 0 0 2 0 2 15 18
2 0 19 0 0 1 0 0 18 17
442 4 17 13 1 2 1 2 3
0 0 7 0 0 8 0 1 4 17
1 0 17 0 0 2 0 2 17 13
2 0 19 0 0 1 0 0 13 4
159 15 17 13 1 2 1 2 3
0 0 7 0 0 8 0 1 15 17
1 0 17 0 0 2 0 2 17 13
2 0 19 0 0 1 0 0 13 15
490 5 4 13 1 2 1 2 3
0 0 7 0 0 8 0 1 5 4
1 0 17 0 0 2 0 2 4 13
2 0 19 0 0 1 0 0 13 5
363 9 4 16 1 2 0 2 3
0 0 7 0 0 8 0 1 9 4
1 0 17 0 0 2 0 2 4 16
2 0 19 0 0 1 0 0 16 9
897 5 4 11 1 2 1 2 3
0 0 8 0 0 8 0 1 5 4
1 0 17 0 0 2 0 2 4 11
2 0 19 0 0 1 0 0 11 5
312 3 4 11 1 2 1 2 3
0 0 7 0 0 8 0 1 3 4
1 0 17 0 0 2 0 2 4 11
2 0 19 0 0 1 0 0 11 3
694 10 4 11 1 2 1 2 3
0 0 6 0 0 8 0 1 10 4
1 0 17 0 0 2 0 2 4 11
2 0 19 0 0 1 0 0 11 10
500 3 0 16 1 2 0 2 3
0 0 6 0 0 8 0 1 3 0
1 0 17 0 0 2 0 2 0 16
2 0 19 0 0 1 0 0 16 3
941 6 17 18 1 2 0 2 3
0 0 6 0 0 8 0 1 6 17
1 0 17 0 0 2 0 2 17 18
2 0 19 0 0 1 0 0 18 6
59 3 0 16 1 2 0 2 3
0 0 6 0 0 8 0 1 3 0
1 0 17 0 0 2 0 2 0 16
2 0 19 0 0 1 0 0 16 3
379 3 17 11 1 2 1 2 3
0 0 8 0 0 8 0 1 3 17
1 0 17 0 0 2 0 2 17 11
2 0 19 0 0 1 0 0 11 3
578 2 17 18 1 2 0 2 3
0 0 8 0 0 8 0 1 2 17
1 0 17 0 0 2 0 2 17 18
2 0 19 0 0 1 0 0 18 2
926 8 4 16 1 2 0 2 3
0 0 8 0 0 8 0 1 8 4
1 0 17 0 0 2 0 2 4 16
2 0 19 0 0 1 0 0 16 8
361 7 15 11 1 2 1 2 3
0 0 7 0 0 8 0 1 7 15
1 0 17 0 0 2 0 2 15 11
2 0 19 0 0 1 0 0 11 7
757 1 17 14 1 2 0 2 3
0 0 8 0 0 8 0 1 1 17
1 0 17 0 0 2 0 2 17 14
2 0 19 0 0 1 0 0 14 1
635 3 17 12 1 2 1 2 3
0 0 8 0 0 8 0 1 3 17
1 0 17 0 0 2 0 2 17 12
2 0 19 0 0 1 0 0 12 3
805 3 4 11 1 2 1 2 3
0 0 8 0 0 8 0 1 3 4
1 0 17 0 0 2 0 2 4 11
2 0 19 0 0 1 0 0 11 3
233 6 4 13 1 2 1 2 3
0 0 8 0 0 8 0 1 6 4
1 0 17 0 0 2 0 2 4 13
2 0 19 0 0 1 0 0 13 6
47 10 0 9 1 1 1 10 3
0 0 6 0 0 8 0 1 10 0
1 0 17 0 0 2 0 2 0 5
2 0 19 0 0 1 0 0 5 10
540 7 0 9 1 1 1 7 3
0 0 6 0 0 8 0 1 7 0
1 0 17 0 0 2 0 2 0 5
2 0 19 0 0 1 0 0 5 7
958 1 17 9 1 1 0 1 3
0 0 6 0 0 8 0 1 1 17
1 0 17 0 0 2 0 2 17 5
2 0 19 0 0 1 0 0 5 1
699 10 4 9 1 1 1 10 3
0 0 8 0 0 8 0 1 10 4
1 0 17 0 0 2 0 2 4 5
2 0 19 0 0 1 0 0 5 10
597 6 4 9 1 1 0 6 3
0 0 8 0 0 8 0 1 6 4
1 0 17 0 0 2 0 2 4 5
2 0 19 0 0 1 0 0 5 6
356 9 4 5 0 0 1 9 3
0 0 6 0 0 8 0 1 9 4
1 0 17 0 0 2 0 2 4 5
2 0 19 0 0 1 0 0 5 9
323 4 7 9 1 1 1 7 3
0 0 8 0 0 8 0 1 4 7
1 0 17 0 0 2 0 2 7 9
2 0 19 0 0 1 0 0 9 4
798 4 6 9 1 1 0 6 3
0 0 8 0 0 8 0 1 4 6
1 0 17 0 0 2 0 2 6 0
2 0 19 0 0 1 0 0 0 4
842 8 5 9 1 1 1 8 3
0 0 6 0 0 8 0 1 8 5
1 0 17 0 0 2 0 2 5 0
2 0 19 0 0 1 0 0 0 8
915 19 17 9 1 1 1 19 3
0 0 7 0 0 8 0 1 19 17
1 0 17 0 0 2 0 2 17 0
2 0 19 0 0 1 0 0 0 19
583 7 9 9 1 1 1 7 3
0 0 8 0 0 8 0 1 7 9
1 0 17 0 0 2 0 2 9 0
2 0 19 0 0 1 0 0 0 7
274 19 15 9 1 1 1 19 3
0 0 8 0 0 8 0 1 19 15
1 0 17 0 0 2 0 2 15 0
2 0 19 0 0 1 0 0 0 19
927 3 5 9 1 1 0 3 3
0 0 6 0 0 8 0 1 3 5
1 0 17 0 0 2 0 2 5 15
2 0 19 0 0 1 0 0 15 3
887 8 4 9 1 1 1 8 3
0 0 6 0 0 8 0 1 8 4
1 0 17 0 0 2 0 2 4 15
2 0 19 0 0 1 0 0 15 8
292 8 0 9 1 1 1 8 3
0 0 7 0 0 8 0 1 8 0
1 0 17 0 0 2 0 2 0 15
2 0 19 0 0 1 0 0 15 8
289 2 4 9 1 1 0 2 3
0 0 6 0 0 8 0 1 2 4
1 0 17 0 0 2 0 2 4 17
2 0 19 0 0 1 0 0 17 2
549 3 15 9 1 1 0 3 3
0 0 8 0 0 8 0 1 3 15
1 0 17 0 0 2 0 2 15 4
2 0 19 0 0 1 0 0 4 3
405 19 17 9 1 1 1 10 3
0 0 6 0 0 8 0 1 19 17
1 0 17 0 0 2 0 2 17 10
2 0 19 0 0 1 0 0 10 19
387 8 15 9 1 1 0 2 3
0 0 6 0 0 8 0 1 8 15
1 0 17 0 0 2 0 2 15 16
2 0 19 0 0 1 0 0 16 8
25 3 4 9 1 1 0 2 3
0 0 6 0 0 8 0 1 3 4
1 0 17 0 0 2 0 2 4 18
2 0 19 0 0 1 0 0 18 3
907 6 0 9 1 1 0 3 3
0 0 6 0 0 8 0 1 6 0
1 0 17 0 0 2 0 2 0 3
2 0 19 0 0 1 0 0 3 6
503 3 15 9 1 1 0 2 3
0 0 6 0 0 8 0 1 3 15
1 0 17 0 0 2 0 2 15 14
2 0 19 0 0 1 0 0 14 3
2 8 17 9 1 1 0 6 3
0 0 6 0 0 8 0 1 8 17
1 0 17 0 0 2 0 2 17 6
2 0 19 0 0 1 0 0 6 8
96 2 17 9 1 1 0 6 3
0 0 7 0 0 8 0 1 2 17
1 0 17 0 0 2 0 2 17 6
2 0 19 0 0 1 0 0 6 2
517 2 15 9 1 1 0 2 3
0 0 8 0 0 8 0 1 2 15
1 0 17 0 0 2 0 2 15 13
2 0 19 0 0 1 0 0 13 2
955 10 0 9 1 1 0 2 3
0 0 8 0 0 8 0 1 10 0
1 0 17 0 0 2 0 2 0 13
2 0 19 0 0 1 0 0 13 10
678 7 0 9 1 1 0 2 3
0 0 7 0 0 8 0 1 7 0
1 0 17 0 0 2 0 2 0 12
2 0 19 0 0 1 0 0 12 7
576 1 15 9 1 1 0 2 3
0 0 8 0 0 8 0 1 1 15
1 0 17 0 0 2 0 2 15 13
2 0 19 0 0 1 0 0 13 1
766 10 3 3 0 1 1 9 3
0 0 8 0 0 8 0 1 10 3
1 0 17 0 0 2 0 2 3 9
2 0 19 0 0 1 0 0 9 10
100 9 2 9 1 0 0 5 3
0 0 6 0 0 8 0 1 9 2
1 0 17 0 0 2 0 2 2 5
2 0 19 0 0 1 0 0 5 9
684 14 3 9 1 0 1 0 3
0 0 7 0 0 8 0 1 14 3
1 0 17 0 0 2 0 2 3 0
2 0 19 0 0 1 0 0 0 14
607 12 1 9 1 0 0 5 3
0 0 7 0 0 8 0 1 12 1
1 0 17 0 0 2 0 2 1 5
2 0 19 0 0 1 0 0 5 12
465 16 2 9 1 0 1 17 3
0 0 8 0 0 8 0 1 16 2
1 0 17 0 0 2 0 2 2 17
2 0 19 0 0 1 0 0 17 16
167 9 6 9 1 0 1 15 3
0 0 7 0 0 8 0 1 9 6
1 0 17 0 0 2 0 2 6 15
2 0 19 0 0 1 0 0 15 9
642 5 1 9 1 0 1 15 3
0 0 6 0 0 8 0 1 5 1
1 0 17 0 0 2 0 2 1 15
2 0 19 0 0 1 0 0 15 5
916 0 1 9 1 0 1 4 3
0 0 6 0 0 8 0 1 0 1
1 0 17 0 0 2 0 2 1 4
2 0 19 0 0 1 0 0 4 0
759 5 6 9 1 0 1 17 3
0 0 6 0 0 8 0 1 5 6
1 0 17 0 0 2 0 2 6 17
2 0 19 0 0 1 0 0 17 5
612 0 1 9 1 0 1 15 3
0 0 7 0 0 8 0 1 0 1
1 0 17 0 0 2 0 2 1 15
2 0 19 0 0 1 0 0 15 0
626 9 2 19 0 1 0 9 3
0 0 8 0 0 8 0 1 9 2
1 0 17 0 0 2 0 2 2 19
2 0 19 0 0 1 0 0 19 9
416 17 3 9 1 0 1 17 3
0 0 6 0 0 8 0 1 17 3
1 0 17 0 0 2 0 2 3 19
2 0 19 0 0 1 0 0 19 17
358 5 2 9 1 0 0 5 3
0 0 8 0 0 8 0 1 5 2
1 0 17 0 0 2 0 2 2 19
2 0 19 0 0 1 0 0 19 5
764 15 9 9 1 0 1 15 3
0 0 7 0 0 8 0 1 15 9
1 0 17 0 0 2 0 2 9 8
2 0 19 0 0 1 0 0 8 15
1000 5 9 9 1 0 0 5 3
0 0 8 0 0 8 0 1 5 9
1 0 17 0 0 2 0 2 9 8
2 0 19 0 0 1 0 0 8 5
369 15 6 9 1 0 1 15 3
0 0 6 0 0 8 0 1 15 6
1 0 17 0 0 2 0 2 6 7
2 0 19 0 0 1 0 0 7 15
232 0 1 9 1 0 1 0 3
0 0 8 0 0 8 0 1 0 1
1 0 17 0 0 2 0 2 1 7
2 0 19 0 0 1 0 0 7 0
761 6 19 9 1 0 1 4 3
0 0 7 0 0 8 0 1 6 19
1 0 17 0 0 2 0 2 19 4
2 0 19 0 0 1 0 0 4 6
114 9 8 9 1 0 1 15 3
0 0 6 0 0 8 0 1 9 8
1 0 17 0 0 2 0 2 8 15
2 0 19 0 0 1 0 0 15 9
718 3 8 9 1 0 1 4 3
0 0 7 0 0 8 0 1 3 8
1 0 17 0 0 2 0 2 8 4
2 0 19 0 0 1 0 0 4 3
522 8 7 7 0 1 0 9 3
0 0 6 0 0 8 0 1 8 7
1 0 17 0 0 2 0 2 7 9
2 0 19 0 0 1 0 0 9 8
650 10 7 9 1 0 1 0 3
0 0 8 0 0 8 0 1 10 7
1 0 17 0 0 2 0 2 7 0
2 0 19 0 0 1 0 0 0 10
791 17 19 19 0 1 0 9 3
0 0 6 0 0 8 0 1 17 19
1 0 17 0 0 2 0 2 19 9
2 0 19 0 0 1 0 0 9 17
72 0 7 7 0 1 0 9 3
0 0 7 0 0 8 0 1 0 7
1 0 17 0 0 2 0 2 7 9
2 0 19 0 0 1 0 0 9 0
746 4 8 9 1 0 0 5 3
0 0 7 0 0 8 0 1 4 8
1 0 17 0 0 2 0 2 8 5
2 0 19 0 0 1 0 0 5 4
902 18 8 9 1 0 1 15 3
0 0 6 0 0 8 0 1 18 8
1 0 17 0 0 2 0 2 8 15
2 0 19 0 0 1 0 0 15 18
242 11 10 9 1 0 0 5 3
0 0 6 0 0 8 0 1 11 10
1 0 17 0 0 2 0 2 10 5
2 0 19 0 0 1 0 0 5 11
691 12 10 9 1 0 1 4 3
0 0 6 0 0 8 0 1 12 10
1 0 17 0 0 2 0 2 10 4
2 0 19 0 0 1 0 0 4 12
528 11 19 9 1 0 1 17 3
0 0 6 0 0 8 0 1 11 19
1 0 17 0 0 2 0 2 19 17
2 0 19 0 0 1 0 0 17 11
293 18 19 9 1 0 0 5 3
0 0 7 0 0 8 0 1 18 19
1 0 17 0 0 2 0 2 19 5
2 0 19 0 0 1 0 0 5 18
89 17 9 9 1 0 1 17 3
0 0 6 0 0 8 0 1 17 9
1 0 17 0 0 2 0 2 9 3
2 0 19 0 0 1 0 0 3 17
922 15 7 9 1 0 1 15 3
0 0 8 0 0 8 0 1 15 7
1 0 17 0 0 2 0 2 7 3
2 0 19 0 0 1 0 0 3 15
467 5 19 9 1 0 0 5 3
0 0 7 0 0 8 0 1 5 19
1 0 17 0 0 2 0 2 19 2
2 0 19 0 0 1 0 0 2 5
663 10 4 9 1 0 1 4 3
0 0 7 0 0 8 0 1 10 4
1 0 17 0 0 2 0 2 4 6
2 0 19 0 0 1 0 0 6 10
206 8 0 9 1 0 1 0 3
0 0 7 0 0 8 0 1 8 0
1 0 17 0 0 2 0 2 0 15
2 0 19 0 0 1 0 0 15 8
6 19 1 9 1 0 0 5 3
0 0 8 0 0 8 0 1 19 1
1 0 17 0 0 2 0 2 1 5
2 0 19 0 0 1 0 0 5 19
807 1 6 6 0 1 1 9 3
0 0 7 0 0 8 0 1 1 6
1 0 17 0 0 2 0 2 6 9
2 0 19 0 0 1 0 0 9 1
938 4 1 9 1 0 1 17 3
0 0 7 0 0 8 0 1 4 1
1 0 17 0 0 2 0 2 1 17
2 0 19 0 0 1 0 0 17 4
895 0 2 2 0 1 1 9 3
0 0 8 0 0 8 0 1 0 2
1 0 17 0 0 2 0 2 2 9
2 0 19 0 0 1 0 0 9 0
146 4 1 1 0 1 1 9 3
0 0 8 0 0 8 0 1 4 1
1 0 17 0 0 2 0 2 1 9
2 0 19 0 0 1 0 0 9 4
396 15 2 9 1 0 1 15 3
0 0 6 0 0 8 0 1 15 2
1 0 17 0 0 2 0 2 2 10
2 0 19 0 0 1 0 0 10 15
537 4 2 9 1 0 1 4 3
0 0 6 0 0 8 0 1 4 2
1 0 17 0 0 2 0 2 2 10
2 0 19 0 0 1 0 0 10 4
615 4 8 9 1 0 1 4 3
0 0 7 0 0 8 0 1 4 8
1 0 17 0 0 2 0 2 8 10
2 0 19 0 0 1 0 0 10 4
123 17 7 9 1 0 1 17 3
0 0 6 0 0 8 0 1 17 7
1 0 17 0 0 2 0 2 7 10
2 0 19 0 0 1 0 0 10 17
861 15 8 9 1 0 1 15 3
0 0 7 0 0 8 0 1 15 8
1 0 17 0 0 2 0 2 8 10
2 0 19 0 0 1 0 0 10 15
717 7 0 9 1 0 1 0 3
0 0 6 0 0 8 0 1 7 0
1 0 17 0 0 2 0 2 0 19
2 0 19 0 0 1 0 0 19 7
435 3 5 9 1 0 0 5 3
0 0 7 0 0 8 0 1 3 5
1 0 17 0 0 2 0 2 5 17
2 0 19 0 0 1 0 0 17 3
426 2 17 9 1 0 1 17 3
0 0 7 0 0 8 0 1 2 17
1 0 17 0 0 2 0 2 17 7
2 0 19 0 0 1 0 0 7 2
316 8 10 10 0 1 0 9 3
0 0 6 0 0 8 0 1 8 10
1 0 17 0 0 2 0 2 10 9
2 0 19 0 0 1 0 0 9 8
592 1 10 9 1 0 1 15 3
0 0 8 0 0 8 0 1 1 10
1 0 17 0 0 2 0 2 10 15
2 0 19 0 0 1 0 0 15 1
461 4 7 9 1 0 0 5 3
0 0 6 0 0 8 0 1 4 7
1 0 17 0 0 2 0 2 7 5
2 0 19 0 0 1 0 0 5 4
609 0 8 9 1 0 1 15 3
0 0 8 0 0 8 0 1 0 8
1 0 17 0 0 2 0 2 8 15
2 0 19 0 0 1 0 0 15 0
64 16 8 9 1 0 1 4 3
0 0 7 0 0 8 0 1 16 8
1 0 17 0 0 2 0 2 8 4
2 0 19 0 0 1 0 0 4 16
858 18 8 9 1 0 0 5 3
0 0 6 0 0 8 0 1 18 8
1 0 17 0 0 2 0 2 8 5
2 0 19 0 0 1 0 0 5 18
536 12 19 9 1 0 0 5 3
0 0 7 0 0 8 0 1 12 19
1 0 17 0 0 2 0 2 19 5
2 0 19 0 0 1 0 0 5 12
937 18 19 9 1 0 1 17 3
0 0 8 0 0 8 0 1 18 19
1 0 17 0 0 2 0 2 19 17
2 0 19 0 0 1 0 0 17 18
806 11 10 9 1 0 1 17 3
0 0 8 0 0 8 0 1 11 10
1 0 17 0 0 2 0 2 10 17
2 0 19 0 0 1 0 0 17 11
459 12 10 9 1 0 1 15 3
0 0 7 0 0 8 0 1 12 10
1 0 17 0 0 2 0 2 10 15
2 0 19 0 0 1 0 0 15 12
525 5 3 9 1 0 0 5 3
0 0 6 0 0 8 0 1 5 3
1 0 17 0 0 2 0 2 3 1
2 0 19 0 0 1 0 0 1 5
83 4 6 9 1 0 1 4 3
0 0 7 0 0 8 0 1 4 6
1 0 17 0 0 2 0 2 6 1
2 0 19 0 0 1 0 0 1 4
7 9 14 6 0 1 1 9 3
0 0 6 0 0 8 0 1 9 14
1 0 17 0 0 2 0 2 14 6
2 0 19 0 0 1 0 0 6 9
687 5 7 9 1 0 0 5 3
0 0 7 0 0 8 0 1 5 7
1 0 17 0 0 2 0 2 7 6
2 0 19 0 0 1 0 0 6 5
451 4 8 9 1 0 1 4 3
0 0 7 0 0 8 0 1 4 8
1 0 17 0 0 2 0 2 8 6
2 0 19 0 0 1 0 0 6 4
342 7 15 9 1 0 1 15 3
0 0 7 0 0 8 0 1 7 15
1 0 17 0 0 2 0 2 15 14
2 0 19 0 0 1 0 0 14 7
693 7 15 9 1 0 1 15 3
0 0 8 0 0 8 0 1 7 15
1 0 17 0 0 2 0 2 15 2
2 0 19 0 0 1 0 0 2 7
772 1 5 9 1 0 0 5 3
0 0 8 0 0 8 0 1 1 5
1 0 17 0 0 2 0 2 5 10
2 0 19 0 0 1 0 0 10 1
406 6 17 9 1 0 1 17 3
0 0 8 0 0 8 0 1 6 17
1 0 17 0 0 2 0 2 17 1
2 0 19 0 0 1 0 0 1 6
782 10 3 19 0 1 1 10 3
0 0 8 0 0 8 0 1 10 3
1 0 17 0 0 2 0 2 3 19
2 0 19 0 0 1 0 0 19 10
482 10 1 2 0 1 1 10 3
0 0 7 0 0 8 0 1 10 1
1 0 17 0 0 2 0 2 1 2
2 0 19 0 0 1 0 0 2 10
77 10 1 6 0 1 1 10 3
0 0 7 0 0 8 0 1 10 1
1 0 17 0 0 2 0 2 1 6
2 0 19 0 0 1 0 0 6 10
158 10 6 1 0 1 1 10 3
0 0 8 0 0 8 0 1 10 6
1 0 17 0 0 2 0 2 6 1
2 0 19 0 0 1 0 0 1 10
787 10 2 3 0 1 1 10 3
0 0 6 0 0 8 0 1 10 2
1 0 17 0 0 2 0 2 2 3
2 0 19 0 0 1 0 0 3 10
355 10 7 9 0 1 1 10 3
0 0 6 0 0 8 0 1 10 7
1 0 17 0 0 2 0 2 7 9
2 0 19 0 0 1 0 0 9 10
148 10 0 9 0 1 1 10 3
0 0 8 0 0 8 0 1 10 0
1 0 17 0 0 2 0 2 0 9
2 0 19 0 0 1 0 0 9 10
250 10 17 19 0 1 1 10 3
0 0 7 0 0 8 0 1 10 17
1 0 17 0 0 2 0 2 17 19
2 0 19 0 0 1 0 0 19 10
400 11 16 14 0 2 0 11 3
0 0 8 0 0 8 0 1 11 16
1 0 17 0 0 2 0 2 16 14
2 0 19 0 0 1 0 0 14 11
585 11 5 18 0 2 0 11 3
0 0 6 0 0 8 0 1 11 5
1 0 17 0 0 2 0 2 5 18
2 0 19 0 0 1 0 0 18 11
662 11 18 12 0 2 0 11 3
0 0 8 0 0 8 0 1 11 18
1 0 17 0 0 2 0 2 18 12
2 0 19 0 0 1 0 0 12 11
710 11 13 12 0 2 0 11 3
0 0 6 0 0 8 0 1 11 13
1 0 17 0 0 2 0 2 13 12
2 0 19 0 0 1 0 0 12 11
403 11 13 18 0 2 0 11 3
0 0 8 0 0 8 0 1 11 13
1 0 17 0 0 2 0 2 13 18
2 0 19 0 0 1 0 0 18 11
664 11 16 18 0 2 0 11 3
0 0 8 0 0 8 0 1 11 16
1 0 17 0 0 2 0 2 16 18
2 0 19 0 0 1 0 0 18 11
318 11 16 16 0 2 0 12 3
0 0 7 0 0 8 0 1 11 16
1 0 17 0 0 2 0 2 16 12
2 0 19 0 0 1 0 0 12 11
486 9 18 18 0 2 0 12 3
0 0 6 0 0 8 0 1 9 18
1 0 17 0 0 2 0 2 18 12
2 0 19 0 0 1 0 0 12 9
601 12 14 11 0 2 1 12 3
0 0 7 0 0 8 0 1 12 14
1 0 17 0 0 2 0 2 14 11
2 0 19 0 0 1 0 0 11 12
839 7 11 11 0 2 1 12 3
0 0 6 0 0 8 0 1 7 11
1 0 17 0 0 2 0 2 11 12
2 0 19 0 0 1 0 0 12 7
519 12 4 2 0 2 0 12 3
0 0 7 0 0 8 0 1 12 4
1 0 17 0 0 2 0 2 4 2
2 0 19 0 0 1 0 0 2 12
73 12 16 2 0 2 0 12 3
0 0 7 0 0 8 0 1 12 16
1 0 17 0 0 2 0 2 16 2
2 0 19 0 0 1 0 0 2 12
304 12 16 13 0 2 0 12 3
0 0 8 0 0 8 0 1 12 16
1 0 17 0 0 2 0 2 16 13
2 0 19 0 0 1 0 0 13 12
205 12 11 18 0 2 0 12 3
0 0 6 0 0 8 0 1 12 11
1 0 17 0 0 2 0 2 11 18
2 0 19 0 0 1 0 0 18 12
377 12 13 16 0 2 0 12 3
0 0 6 0 0 8 0 1 12 13
1 0 17 0 0 2 0 2 13 16
2 0 19 0 0 1 0 0 16 12
518 18 13 0 1 0 0 9 3
0 0 7 0 0 8 0 1 18 13
1 0 17 0 0 2 0 2 13 0
2 0 19 0 0 1 0 0 0 18
462 2 13 5 1 0 1 9 3
0 0 8 0 0 8 0 1 2 13
1 0 17 0 0 2 0 2 13 5
2 0 19 0 0 1 0 0 5 2
286 14 2 2 0 2 0 13 3
0 0 6 0 0 8 0 1 14 2
1 0 17 0 0 2 0 2 2 13
2 0 19 0 0 1 0 0 13 14
788 14 2 2 0 2 0 13 3
0 0 7 0 0 8 0 1 14 2
1 0 17 0 0 2 0 2 2 13
2 0 19 0 0 1 0 0 13 14
439 13 5 18 0 2 0 13 3
0 0 7 0 0 8 0 1 13 5
1 0 17 0 0 2 0 2 5 18
2 0 19 0 0 1 0 0 18 13
778 13 10 18 0 2 0 13 3
0 0 6 0 0 8 0 1 13 10
1 0 17 0 0 2 0 2 10 18
2 0 19 0 0 1 0 0 18 13
185 14 18 16 0 2 0 14 3
0 0 6 0 0 8 0 1 14 18
1 0 17 0 0 2 0 2 18 16
2 0 19 0 0 1 0 0 16 14
237 14 13 16 0 2 0 14 3
0 0 6 0 0 8 0 1 14 13
1 0 17 0 0 2 0 2 13 16
2 0 19 0 0 1 0 0 16 14
124 14 18 11 0 2 1 14 3
0 0 7 0 0 8 0 1 14 18
1 0 17 0 0 2 0 2 18 11
2 0 19 0 0 1 0 0 11 14
541 14 5 2 0 2 1 14 3
0 0 6 0 0 8 0 1 14 5
1 0 17 0 0 2 0 2 5 2
2 0 19 0 0 1 0 0 2 14
429 14 15 13 0 2 1 14 3
0 0 8 0 0 8 0 1 14 15
1 0 17 0 0 2 0 2 15 13
2 0 19 0 0 1 0 0 13 14
544 1 16 16 0 2 0 14 3
0 0 8 0 0 8 0 1 1 16
1 0 17 0 0 2 0 2 16 14
2 0 19 0 0 1 0 0 14 1
127 15 17 5 0 0 1 15 3
0 0 6 0 0 8 0 1 15 17
1 0 17 0 0 2 0 2 17 5
2 0 19 0 0 1 0 0 5 15
283 15 16 5 0 0 1 15 3
0 0 7 0 0 8 0 1 15 16
1 0 17 0 0 2 0 2 16 5
2 0 19 0 0 1 0 0 5 15
208 15 11 4 0 0 1 15 3
0 0 8 0 0 8 0 1 15 11
1 0 17 0 0 2 0 2 11 4
2 0 19 0 0 1 0 0 4 15
133 15 14 17 0 0 1 15 3
0 0 8 0 0 8 0 1 15 14
1 0 17 0 0 2 0 2 14 17
2 0 19 0 0 1 0 0 17 15
202 15 18 9 0 0 1 15 3
0 0 7 0 0 8 0 1 15 18
1 0 17 0 0 2 0 2 18 9
2 0 19 0 0 1 0 0 9 15
925 16 2 18 0 2 0 16 3
0 0 8 0 0 8 0 1 16 2
1 0 17 0 0 2 0 2 2 18
2 0 19 0 0 1 0 0 18 16
903 16 14 18 0 2 0 16 3
0 0 8 0 0 8 0 1 16 14
1 0 17 0 0 2 0 2 14 18
2 0 19 0 0 1 0 0 18 16
643 16 11 18 0 2 0 16 3
0 0 7 0 0 8 0 1 16 11
1 0 17 0 0 2 0 2 11 18
2 0 19 0 0 1 0 0 18 16
810 10 18 18 0 2 0 16 3
0 0 6 0 0 8 0 1 10 18
1 0 17 0 0 2 0 2 18 16
2 0 19 0 0 1 0 0 16 10
555 16 18 11 0 2 1 16 3
0 0 8 0 0 8 0 1 16 18
1 0 17 0 0 2 0 2 18 11
2 0 19 0 0 1 0 0 11 16
756 16 2 13 0 2 1 16 3
0 0 8 0 0 8 0 1 16 2
1 0 17 0 0 2 0 2 2 13
2 0 19 0 0 1 0 0 13 16
496 16 5 12 0 2 1 16 3
0 0 6 0 0 8 0 1 16 5
1 0 17 0 0 2 0 2 5 12
2 0 19 0 0 1 0 0 12 16
28 16 0 11 0 2 1 16 3
0 0 7 0 0 8 0 1 16 0
1 0 17 0 0 2 0 2 0 11
2 0 19 0 0 1 0 0 11 16
504 16 15 12 0 2 1 16 3
0 0 7 0 0 8 0 1 16 15
1 0 17 0 0 2 0 2 15 12
2 0 19 0 0 1 0 0 12 16
90 16 11 14 0 2 1 16 3
0 0 6 0 0 8 0 1 16 11
1 0 17 0 0 2 0 2 11 14
2 0 19 0 0 1 0 0 14 16
934 16 8 11 0 2 1 16 3
0 0 8 0 0 8 0 1 16 8
1 0 17 0 0 2 0 2 8 11
2 0 19 0 0 1 0 0 11 16
457 17 0 15 0 0 0 17 3
0 0 6 0 0 8 0 1 17 0
1 0 17 0 0 2 0 2 0 15
2 0 19 0 0 1 0 0 15 17
280 17 4 5 0 0 1 17 3
0 0 7 0 0 8 0 1 17 4
1 0 17 0 0 2 0 2 4 5
2 0 19 0 0 1 0 0 5 17
692 17 8 5 0 0 1 17 3
0 0 6 0 0 8 0 1 17 8
1 0 17 0 0 2 0 2 8 5
2 0 19 0 0 1 0 0 5 17
735 17 0 4 0 0 1 17 3
0 0 7 0 0 8 0 1 17 0
1 0 17 0 0 2 0 2 0 4
2 0 19 0 0 1 0 0 4 17
246 18 16 12 0 2 1 18 3
0 0 7 0 0 8 0 1 18 16
1 0 17 0 0 2 0 2 16 12
2 0 19 0 0 1 0 0 12 18
346 18 5 13 0 2 1 18 3
0 0 7 0 0 8 0 1 18 5
1 0 17 0 0 2 0 2 5 13
2 0 19 0 0 1 0 0 13 18
80 18 14 12 0 2 1 18 3
0 0 8 0 0 8 0 1 18 14
1 0 17 0 0 2 0 2 14 12
2 0 19 0 0 1 0 0 12 18
192 18 8 12 0 2 1 18 3
0 0 8 0 0 8 0 1 18 8
1 0 17 0 0 2 0 2 8 12
2 0 19 0 0 1 0 0 12 18
739 9 19 16 1 2 0 2 3
0 0 8 0 0 8 0 1 9 19
1 0 17 0 0 2 0 2 19 16
2 0 19 0 0 1 0 0 16 9
380 1 19 14 1 2 0 2 3
0 0 8 0 0 8 0 1 1 19
1 0 17 0 0 2 0 2 19 14
2 0 19 0 0 1 0 0 14 1
189 7 8 8 0 1 1 19 3
0 0 6 0 0 8 0 1 7 8
1 0 17 0 0 2 0 2 8 19
2 0 19 0 0 1 0 0 19 7
685 12 2 2 0 1 1 19 3
0 0 8 0 0 8 0 1 12 2
1 0 17 0 0 2 0 2 2 19
2 0 19 0 0 1 0 0 19 12
91 19 12 9 0 1 1 19 3
0 0 7 0 0 8 0 1 19 12
1 0 17 0 0 2 0 2 12 9
2 0 19 0 0 1 0 0 9 19
401 19 2 8 0 1 1 19 3
0 0 8 0 0 8 0 1 19 2
1 0 17 0 0 2 0 2 2 8
2 0 19 0 0 1 0 0 8 19
333 19 2 7 0 1 1 19 3
0 0 6 0 0 8 0 1 19 2
1 0 17 0 0 2 0 2 2 7
2 0 19 0 0 1 0 0 7 19
857 19 7 8 0 1 1 19 3
0 0 8 0 0 8 0 1 19 7
1 0 17 0 0 2 0 2 7 8
2 0 19 0 0 1 0 0 8 19
199 7 19 7 0 1 1 19 3
0 0 8 0 0 8 0 1 7 19
1 0 17 0 0 2 0 2 19 10
2 0 19 0 0 1 0 0 10 7
267 19 10 9 0 1 1 19 3
0 0 7 0 0 8 0 1 19 10
1 0 17 0 0 2 0 2 10 9
2 0 19 0 0 1 0 0 9 19
928 19 4 3 0 1 1 19 3
0 0 6 0 0 8 0 1 19 4
1 0 17 0 0 2 0 2 4 3
2 0 19 0 0 1 0 0 3 19
636 19 0 9 0 1 1 19 3
0 0 8 0 0 8 0 1 19 0
1 0 17 0 0 2 0 2 0 9
2 0 19 0 0 1 0 0 9 19
362 19 4 7 0 1 1 19 3
0 0 7 0 0 8 0 1 19 4
1 0 17 0 0 2 0 2 4 7
2 0 19 0 0 1 0 0 7 19
224 19 1 7 0 1 1 19 3
0 0 8 0 0 8 0 1 19 1
1 0 17 0 0 2 0 2 1 7
2 0 19 0 0 1 0 0 7 19
56 19 2 1 0 1 1 19 3
0 0 8 0 0 8 0 1 19 2
1 0 17 0 0 2 0 2 2 1
2 0 19 0 0 1 0 0 1 19
