0 15 8 0 0 7 7
1 3 3
1 4 3
1 5 3
1 6 3
1 7 3
1 8 3
1 9 3
15 17 9 0 0 9 9
1 10 5
2 10 12
3 10 12
4 10 15
5 10 12
6 10 12
7 10 9
7 9 3
7 8 3
17 4 6 0 0 6 5
7 6 3 
7 5 3
7 4 10 
6 4 12 
5 4 12
4 9 10 0 0 10 9
4 5 3 
4 6 3
4 7 3
4 8 3
4 9 3
4 10 15
4 11 3 
4 12 7
4 13 3
9 5 23 0 0 23 22
5 14 12
6 14 12
7 14 12
8 14 12
9 14 12
10 14 12
11 14 12
12 14 12
13 14 12
14 14 12
15 14 12
16 14 12
17 14 9
17 13 3
17 12 15
17 11 3
17 10 3
17 9 3
17 8 3
17 7 3
17 6 3
17 5 3
10 19 15 0 0 15 14
31 9 12
30 9 12
29 9 12 
28 9 12
27 9 15 
26 9 12 
25 9 12
24 9 12
23 9 12
22 9 12
21 9 12
20 9 5
20 8 3
20 7 3
19 8 7 0 0 7 6
21 6 12
22 6 12
23 6 12
24 6 12
25 6 12
26 6 12
8 7 6 0 0 6 5
27 7 3 
27 8 3
27 9 15
27 10 3
27 11 3
7 9 25 0 0 25 24
26 12 12 
25 12 12
24 12 12
23 12 12
22 12 12
21 12 12
20 12 12
19 12 12
18 12 12
17 12 15
16 12 12
15 12 12
14 12 12
13 12 12
12 12 12
11 12 12
10 12 12
9 12 12
8 12 12
7 12 12
6 12 12
5 12 12
4 12 7
4 13 3
9 6 22 0 0 22 21
4 15 3
4 16 3
4 17 5
5 17 12 
6 17 12
7 17 12
8 17 12
9 17 12
10 17 12
11 17 12
12 17 12
13 17 12
14 17 12
15 17 12
16 17 12
17 17 10
17 18 3 
17 19 3
17 20 15
17 21 3
17 22 3
6 2 9 0 0 9 8
17 24 3
17 25 3
17 26 5
18 26 12
19 26 12
20 26 12
21 26 12
22 26 12
2 3 6 0 0 6 5
23 25 3
23 24 7
23 23 3
23 22 3
23 21 3
3 1 21 0 0 21 20
22 20 12
21 20 12
20 20 12
19 20 12
18 20 12
17 20 15
16 20 12
15 20 12
14 20 12
13 20 12
12 20 12
11 20 12
10 20 12
9 20 12
8 20 6
8 21 3
8 22 3
8 23 3
8 24 3
8 25 3
18 16 5 0 0 5 4
38 7 12
37 7 12
36 7 12
35 7 12
16 14 17 0 0 17 16
34 8 3
34 9 3
34 10 3
34 11 3
34 12 3
34 13 3
34 14 3
34 15 3
34 16 3
34 17 3
34 18 3
34 19 3
34 20 3
34 21 3
34 22 3
34 23 3
14 2 13 0 0 13 12
33 24 12 
32 24 12
31 24 12
30 24 12
29 24 12
28 24 12
27 24 12
26 24 12
25 24 12
24 24 12
23 24 7
23 25 3
2 13 34 0 0 34 33
23 27 3
23 28 9
22 28 12
21 28 12
20 28 12
19 28 12
18 28 12
17 28 12
16 28 12
15 28 12
14 28 12
13 28 12
12 28 12
11 28 12
10 28 12
9 28 6
9 29 3
9 30 15
9 31 3
9 32 3
9 33 3
9 34 3
9 35 5
10 35 12
11 35 12
12 35 12
13 35 12
14 35 12
15 35 9
15 34 3
15 33 3
15 32 3
15 31 3
13 12 10 0 0 10 9
14 30 12
13 30 12
12 30 12
11 30 12
10 30 12
9 30 15
8 30 12
7 30 12
6 30 12
12 11 7 0 0 7 6
5 31 3
5 32 3
5 33 3
5 34 3
5 35 3
5 36 3